    0.64256       0.64291       0.64403       0.64612       0.64950    
    0.65457       0.66182       0.67169       0.68422       0.69383    
    0.71928       0.74513       0.77819       0.81720       0.86398    
    0.92180       0.98073        1.0482        1.1288        1.1852    
     1.2740        1.3634        1.4626        1.5680        1.6675    
     1.7553        1.8564        1.9591        2.0520        2.1515    
     2.2307        2.3180        2.4123        2.4845        2.5227    
     2.5528        2.6270        2.6347        2.6380        2.6401    
     2.6257        2.6019        2.5682        2.5194        2.4644    
     2.4107        2.3445        2.2727        2.1889        2.1337    
     2.0596        1.9852        1.9145        1.8489        1.7875    
     1.7283        1.6800        1.6422        1.5870        1.5461    
     1.5117    
