    0.59792E-01   0.59797E-01   0.59813E-01   0.59838E-01   0.59869E-01
    0.59903E-01   0.59936E-01   0.59964E-01   0.59983E-01   0.59989E-01
    0.59977E-01   0.59945E-01   0.59891E-01   0.59814E-01   0.59714E-01
    0.59593E-01   0.59455E-01   0.59304E-01   0.59147E-01   0.58992E-01
    0.58847E-01   0.58723E-01   0.58630E-01   0.58582E-01   0.58589E-01
    0.58664E-01   0.58821E-01   0.59072E-01   0.59427E-01   0.59897E-01
    0.60489E-01   0.61209E-01   0.62057E-01   0.63032E-01   0.64126E-01
    0.65327E-01   0.66615E-01   0.67968E-01   0.69355E-01   0.70742E-01
    0.72088E-01   0.73352E-01   0.74487E-01   0.75449E-01   0.76192E-01
    0.76674E-01   0.76858E-01   0.76713E-01   0.76215E-01   0.75351E-01
    0.74116E-01   0.72517E-01   0.70571E-01   0.68305E-01   0.65756E-01
    0.62970E-01   0.60001E-01   0.56905E-01   0.53745E-01   0.50583E-01
    0.47482E-01
