    0.42457       0.42531       0.42755       0.43132       0.43667    
    0.44368       0.45243       0.46303       0.47559       0.49023    
    0.50707       0.52624       0.54787       0.57208       0.59900    
    0.62873       0.66141       0.69715       0.73607       0.77826    
    0.82382       0.87279       0.92520       0.98099        1.0400    
     1.1021        1.1667        1.2336        1.3019        1.3709    
     1.4396        1.5071        1.5720        1.6331        1.6893    
     1.7393        1.7819        1.8162        1.8413        1.8567    
     1.8620        1.8572        1.8426        1.8188        1.7865    
     1.7468        1.7011        1.6506        1.5970        1.5417    
     1.4862        1.4319        1.3800        1.3316        1.2876    
     1.2485        1.2145        1.1859        1.1623        1.1433    
     1.1284    
