    0.40998       0.41075       0.41304       0.41690       0.42235    
    0.42946       0.43830       0.44893       0.46146       0.47598    
    0.49258       0.51139       0.53250       0.55603       0.58210    
    0.61082       0.64233       0.67676       0.71422       0.75486    
    0.79878       0.84607       0.89677       0.95087        1.0083    
     1.0688        1.1320        1.1975        1.2647        1.3327    
     1.4007        1.4675        1.5320        1.5930        1.6491    
     1.6992        1.7420        1.7766        1.8021        1.8179    
     1.8237        1.8195        1.8054        1.7821        1.7504    
     1.7112        1.6660        1.6161        1.5630        1.5083    
     1.4534        1.3998        1.3487        1.3011        1.2580    
     1.2198        1.1868        1.1592        1.1368        1.1190    
     1.1052    
