    0.55211       0.55258       0.55406       0.55668       0.56068    
    0.56637       0.57419       0.58458       0.59621       0.61184    
    0.63063       0.65257       0.67920       0.71158       0.75086    
    0.78999       0.83877       0.88826       0.94258       0.99344    
     1.0525        1.1659        1.2121        1.2881        1.3654    
     1.4461        1.5232        1.6060        1.6896        1.7700    
     1.8560        1.9260        1.9988        2.0617        2.1174    
     2.1689        2.2027        2.2321        2.2507        2.2605    
     2.2559        2.2468        2.2186        2.1865        2.1440    
     2.1010        2.0451        1.9854        1.9219        1.8612    
     1.7973        1.7342        1.6745        1.6181        1.5654    
     1.5151        1.4712        1.4320        1.3976        1.3661    
     1.3415    
