    0.68768       0.68805       0.68927       0.69167       0.69586    
    0.70284       0.71222       0.71243       0.72136       0.73303    
    0.76726       0.79482       0.83089       0.87544       0.92937    
    0.99250        1.0592        1.1360        1.2204        1.2942    
     1.3940        1.4927        1.6094        1.7279        1.8248    
     1.9395        2.0449        2.1696        2.2589        2.3585    
     2.4530        2.5421        2.6339        2.7046        2.7372    
     2.8151        2.8504        2.8548        2.8478        2.8474    
     2.8278        2.7967        2.7562        2.6991        2.6365    
     2.5754        2.5043        2.4257        2.3500        2.2708    
     2.1912        2.1151        2.0376        1.9679        1.9005    
     1.8371        1.7821        1.7299        1.6811        1.6351    
     1.5961    
