    0.48573       0.48637       0.48832       0.49163       0.49644    
    0.50290       0.51119       0.52153       0.53415       0.54929    
    0.56718       0.58804       0.61208       0.63949       0.67041    
    0.70498       0.74329       0.78539       0.83131       0.88106    
    0.93457       0.99177        1.0525        1.1165        1.1835    
     1.2532        1.3249        1.3981        1.4720        1.5457    
     1.6183        1.6885        1.7554        1.8176        1.8739    
     1.9233        1.9647        1.9972        2.0201        2.0329    
     2.0354        2.0277        2.0101        1.9832        1.9479    
     1.9052        1.8565        1.8030        1.7464        1.6880    
     1.6293        1.5716        1.5162        1.4640        1.4160    
     1.3726        1.3341        1.3008        1.2723        1.2483    
     1.2284    
