    0.53069       0.53121       0.53280       0.53559       0.53979    
    0.54568       0.55360       0.56407       0.57604       0.59128    
    0.60980       0.63152       0.65728       0.68733       0.72472    
    0.76129       0.80751       0.85656       0.90732       0.87597    
     1.0090        1.0900        1.1546        1.2325        1.3061    
     1.3832        1.4561        1.5359        1.6167        1.6948    
     1.7640        1.8486        1.9169        1.9815        2.0375    
     2.0893        2.1246        2.1542        2.1745        2.1860    
     2.1883        2.1715        2.1489        2.1195        2.0808    
     2.0353        1.9797        1.9240        1.8640        1.8041    
     1.7421        1.6814        1.6226        1.5676        1.5167    
     1.4685        1.4263        1.3890        1.3564        1.3273    
     1.3042    
