    0.69660E-01   0.69672E-01   0.69705E-01   0.69756E-01   0.69823E-01
    0.69897E-01   0.69973E-01   0.70041E-01   0.70094E-01   0.70121E-01
    0.70115E-01   0.70068E-01   0.69973E-01   0.69824E-01   0.69620E-01
    0.69360E-01   0.69046E-01   0.68682E-01   0.68277E-01   0.67842E-01
    0.67390E-01   0.66939E-01   0.66507E-01   0.66118E-01   0.65796E-01
    0.65565E-01   0.65453E-01   0.65486E-01   0.65690E-01   0.66090E-01
    0.66704E-01   0.67547E-01   0.68630E-01   0.69951E-01   0.71505E-01
    0.73271E-01   0.75224E-01   0.77322E-01   0.79518E-01   0.81754E-01
    0.83964E-01   0.86077E-01   0.88017E-01   0.89712E-01   0.91088E-01
    0.92079E-01   0.92628E-01   0.92688E-01   0.92227E-01   0.91226E-01
    0.89686E-01   0.87621E-01   0.85064E-01   0.82063E-01   0.78680E-01
    0.74989E-01   0.71072E-01   0.67018E-01   0.62920E-01   0.58867E-01
    0.54948E-01
