    0.74639E-01   0.74661E-01   0.74726E-01   0.74828E-01   0.74962E-01
    0.75117E-01   0.75282E-01   0.75442E-01   0.75584E-01   0.75692E-01
    0.75751E-01   0.75748E-01   0.75670E-01   0.75508E-01   0.75255E-01
    0.74908E-01   0.74468E-01   0.73943E-01   0.73343E-01   0.72685E-01
    0.71990E-01   0.71285E-01   0.70602E-01   0.69976E-01   0.69448E-01
    0.69058E-01   0.68851E-01   0.68870E-01   0.69155E-01   0.69744E-01
    0.70667E-01   0.71947E-01   0.73596E-01   0.75612E-01   0.77980E-01
    0.80670E-01   0.83636E-01   0.86814E-01   0.90129E-01   0.93493E-01
    0.96805E-01   0.99963E-01   0.10286       0.10538       0.10744    
    0.10893       0.10980       0.10997       0.10941       0.10812    
    0.10609       0.10337       0.10001       0.96077E-01   0.91678E-01
    0.86915E-01   0.81908E-01   0.76778E-01   0.71649E-01   0.66643E-01
    0.61869E-01
