    0.61942       0.62011       0.62220       0.62562       0.63028    
    0.63603       0.64262       0.64966       0.65666       0.66289    
    0.66753       0.66960       0.66801       0.66164       0.64955    
    0.63092       0.60536       0.57312       0.53497       0.49232    
    0.44717       0.40170       0.35825       0.31890       0.28492    
    0.25698       0.23485       0.21754       0.20360       0.19143    
    0.17962       0.16723       0.15390       0.13977       0.12543    
    0.11162       0.99034E-01   0.88182E-01   0.79217E-01   0.71993E-01
    0.66124E-01   0.61096E-01   0.56450E-01   0.51835E-01   0.47092E-01
    0.42254E-01   0.37485E-01   0.33019E-01   0.29063E-01   0.25756E-01
    0.23119E-01   0.21072E-01   0.19455E-01   0.18079E-01   0.16774E-01
    0.15422E-01   0.13980E-01   0.12472E-01   0.10969E-01   0.95659E-02
    0.83460E-02
