    0.47738       0.47799       0.47986       0.48308       0.48779    
    0.49419       0.50252       0.51306       0.52593       0.54039    
    0.55772       0.57805       0.60205       0.62967       0.66038    
    0.69502       0.73133       0.77296       0.81482       0.86265    
    0.90756       0.97578        1.0395        1.0999        1.1655    
     1.2294        1.3004        1.3732        1.4476        1.5210    
     1.5932        1.6638        1.7341        1.7914        1.8508    
     1.8974        1.9429        1.9741        1.9978        2.0126    
     2.0133        2.0050        1.9874        1.9636        1.9271    
     1.8838        1.8342        1.7802        1.7245        1.6668    
     1.6087        1.5517        1.4965        1.4455        1.3984    
     1.3548        1.3169        1.2841        1.2557        1.2329    
     1.2134    
