    0.73340       0.73332       0.73323       0.73357       0.73508    
    0.73862       0.74500       0.75484       0.76839       0.78437    
    0.81429       0.84610       0.88702       0.93437       0.99923    
     1.0668        1.1411        1.2290        1.3212        1.4092    
     1.5199        1.6286        1.7595        1.8899        2.0134    
     2.1266        2.2444        2.3763        2.4729        2.5805    
     2.6820        2.7735        2.8761        2.9238        3.0114    
     3.0478        3.0736        3.0843        3.0654        3.0599    
     3.0341        2.9958        2.9503        2.8822        2.8129    
     2.7401        2.6638        2.5805        2.4973        2.4100    
     2.3207        2.2427        2.1602        2.0861        2.0107    
     1.9438        1.8841        1.8285        1.7742        1.7230    
     1.6794    
