    0.72754E-01   0.72770E-01   0.72818E-01   0.72895E-01   0.72993E-01
    0.73106E-01   0.73223E-01   0.73334E-01   0.73427E-01   0.73490E-01
    0.73510E-01   0.73477E-01   0.73381E-01   0.73215E-01   0.72974E-01
    0.72656E-01   0.72262E-01   0.71799E-01   0.71276E-01   0.70706E-01
    0.70106E-01   0.69500E-01   0.68912E-01   0.68370E-01   0.67908E-01
    0.67559E-01   0.67358E-01   0.67339E-01   0.67538E-01   0.67983E-01
    0.68702E-01   0.69713E-01   0.71026E-01   0.72642E-01   0.74549E-01
    0.76723E-01   0.79128E-01   0.81713E-01   0.84417E-01   0.87165E-01
    0.89876E-01   0.92462E-01   0.94833E-01   0.96899E-01   0.98574E-01
    0.99781E-01   0.10045       0.10054       0.10001       0.98846E-01
    0.97052E-01   0.94654E-01   0.91697E-01   0.88242E-01   0.84368E-01
    0.80164E-01   0.75732E-01   0.71177E-01   0.66604E-01   0.62120E-01
    0.57822E-01
