    0.70842       0.70920       0.71105       0.71392       0.71773    
    0.72219       0.72697       0.73163       0.73555       0.73796    
    0.73799       0.73465       0.72692       0.71380       0.69450    
    0.66849       0.63579       0.59692       0.55304       0.50582    
    0.45733       0.41002       0.36586       0.32665       0.29333    
    0.26606       0.24440       0.22694       0.21227       0.19883    
    0.18546       0.17148       0.15673       0.14161       0.12668    
    0.11274       0.10032       0.89769E-01   0.81065E-01   0.73958E-01
    0.67995E-01   0.62682E-01   0.57622E-01   0.52562E-01   0.47436E-01
    0.42338E-01   0.37469E-01   0.33046E-01   0.29228E-01   0.26093E-01
    0.23605E-01   0.21634E-01   0.20001E-01   0.18526E-01   0.17066E-01
    0.15543E-01   0.13952E-01   0.12347E-01   0.10813E-01   0.94392E-02
    0.82920E-02
