    0.47435       0.47476       0.47600       0.47812       0.48119    
    0.48532       0.49065       0.49734       0.50555       0.51548    
    0.52734       0.54134       0.55769       0.57661       0.59830    
    0.62297       0.65083       0.68206       0.71682       0.75527    
    0.79753       0.84367       0.89371       0.94761        1.0052    
     1.0663        1.1303        1.1969        1.2653        1.3347    
     1.4040        1.4721        1.5378        1.5997        1.6565    
     1.7070        1.7499        1.7842        1.8090        1.8236    
     1.8277        1.8213        1.8046        1.7783        1.7430    
     1.7000        1.6507        1.5963        1.5387        1.4793    
     1.4198        1.3617        1.3063        1.2549        1.2082    
     1.1670        1.1317        1.1024        1.0789        1.0608    
     1.0475    
