    0.37726       0.37807       0.38048       0.38451       0.39017    
    0.39749       0.40649       0.41720       0.42966       0.44393    
    0.46006       0.47813       0.49820       0.52037       0.54475    
    0.57146       0.60064       0.63244       0.66702       0.70457    
    0.74524       0.78917       0.83649       0.88724       0.94138    
    0.99878        1.0592        1.1221        1.1870        1.2531    
     1.3195        1.3851        1.4488        1.5093        1.5653    
     1.6154        1.6586        1.6938        1.7200        1.7366    
     1.7433        1.7400        1.7269        1.7045        1.6737    
     1.6355        1.5912        1.5423        1.4902        1.4366    
     1.3829        1.3307        1.2810        1.2351        1.1937    
     1.1575        1.1267        1.1014        1.0813        1.0660    
     1.0548    
