    0.58374E-01   0.58379E-01   0.58393E-01   0.58415E-01   0.58442E-01
    0.58472E-01   0.58502E-01   0.58526E-01   0.58542E-01   0.58545E-01
    0.58533E-01   0.58503E-01   0.58453E-01   0.58382E-01   0.58292E-01
    0.58185E-01   0.58064E-01   0.57934E-01   0.57802E-01   0.57675E-01
    0.57561E-01   0.57471E-01   0.57414E-01   0.57402E-01   0.57446E-01
    0.57557E-01   0.57747E-01   0.58027E-01   0.58407E-01   0.58895E-01
    0.59497E-01   0.60217E-01   0.61056E-01   0.62011E-01   0.63073E-01
    0.64231E-01   0.65466E-01   0.66756E-01   0.68072E-01   0.69381E-01
    0.70647E-01   0.71828E-01   0.72883E-01   0.73769E-01   0.74444E-01
    0.74869E-01   0.75008E-01   0.74834E-01   0.74323E-01   0.73462E-01
    0.72249E-01   0.70689E-01   0.68798E-01   0.66601E-01   0.64134E-01
    0.61441E-01   0.58570E-01   0.55577E-01   0.52520E-01   0.49460E-01
    0.46455E-01
