    0.56778E-01   0.56782E-01   0.56794E-01   0.56814E-01   0.56837E-01
    0.56863E-01   0.56888E-01   0.56908E-01   0.56920E-01   0.56921E-01
    0.56908E-01   0.56878E-01   0.56832E-01   0.56768E-01   0.56688E-01
    0.56594E-01   0.56490E-01   0.56382E-01   0.56274E-01   0.56176E-01
    0.56094E-01   0.56038E-01   0.56018E-01   0.56044E-01   0.56127E-01
    0.56276E-01   0.56502E-01   0.56814E-01   0.57221E-01   0.57729E-01
    0.58344E-01   0.59068E-01   0.59900E-01   0.60837E-01   0.61870E-01
    0.62987E-01   0.64170E-01   0.65398E-01   0.66643E-01   0.67875E-01
    0.69059E-01   0.70158E-01   0.71131E-01   0.71939E-01   0.72544E-01
    0.72909E-01   0.73001E-01   0.72794E-01   0.72268E-01   0.71411E-01
    0.70219E-01   0.68698E-01   0.66862E-01   0.64738E-01   0.62356E-01
    0.59758E-01   0.56991E-01   0.54107E-01   0.51160E-01   0.48207E-01
    0.45305E-01
