    0.63756E-01   0.63763E-01   0.63785E-01   0.63818E-01   0.63860E-01
    0.63906E-01   0.63953E-01   0.63993E-01   0.64022E-01   0.64034E-01
    0.64022E-01   0.63984E-01   0.63915E-01   0.63814E-01   0.63679E-01
    0.63511E-01   0.63315E-01   0.63093E-01   0.62854E-01   0.62605E-01
    0.62358E-01   0.62123E-01   0.61915E-01   0.61748E-01   0.61638E-01
    0.61603E-01   0.61659E-01   0.61822E-01   0.62110E-01   0.62535E-01
    0.63112E-01   0.63848E-01   0.64748E-01   0.65810E-01   0.67030E-01
    0.68392E-01   0.69877E-01   0.71456E-01   0.73094E-01   0.74749E-01
    0.76374E-01   0.77916E-01   0.79320E-01   0.80532E-01   0.81496E-01
    0.82163E-01   0.82486E-01   0.82429E-01   0.81965E-01   0.81077E-01
    0.79761E-01   0.78024E-01   0.75890E-01   0.73390E-01   0.70569E-01
    0.67483E-01   0.64193E-01   0.60768E-01   0.57281E-01   0.53802E-01
    0.50405E-01
