    0.61036E-01   0.61042E-01   0.61059E-01   0.61086E-01   0.61121E-01
    0.61158E-01   0.61195E-01   0.61227E-01   0.61249E-01   0.61256E-01
    0.61245E-01   0.61211E-01   0.61153E-01   0.61069E-01   0.60959E-01
    0.60825E-01   0.60670E-01   0.60499E-01   0.60319E-01   0.60137E-01
    0.59962E-01   0.59806E-01   0.59680E-01   0.59596E-01   0.59569E-01
    0.59611E-01   0.59738E-01   0.59961E-01   0.60295E-01   0.60750E-01
    0.61335E-01   0.62056E-01   0.62917E-01   0.63914E-01   0.65041E-01
    0.66285E-01   0.67627E-01   0.69042E-01   0.70499E-01   0.71961E-01
    0.73386E-01   0.74729E-01   0.75941E-01   0.76975E-01   0.77782E-01
    0.78319E-01   0.78544E-01   0.78426E-01   0.77940E-01   0.77071E-01
    0.75815E-01   0.74178E-01   0.72178E-01   0.69845E-01   0.67218E-01
    0.64346E-01   0.61283E-01   0.58091E-01   0.54834E-01   0.51579E-01
    0.48389E-01
