    0.39250       0.39301       0.39457       0.39723       0.40107    
    0.40618       0.41271       0.42080       0.43062       0.44234    
    0.45612       0.47216       0.49062       0.51168       0.53551    
    0.56227       0.59214       0.62527       0.66181       0.70191    
    0.74568       0.79321       0.84456       0.89969       0.95851    
     1.0208        1.0863        1.1545        1.2248        1.2965    
     1.3685        1.4400        1.5096        1.5761        1.6381    
     1.6944        1.7436        1.7847        1.8166        1.8385    
     1.8500        1.8509        1.8412        1.8215        1.7925    
     1.7552        1.7109        1.6609        1.6068        1.5503    
     1.4928        1.4359        1.3810        1.3291        1.2814    
     1.2384        1.2007        1.1683        1.1412        1.1191    
     1.1014    
