    0.75854       0.75907       0.76064       0.76310       0.76625    
    0.76980       0.77336       0.77640       0.77833       0.77829    
    0.77543       0.76871       0.75729       0.74018       0.71675    
    0.68665       0.65006       0.60773       0.56098       0.51153    
    0.46171       0.41358       0.36930       0.33037       0.29749    
    0.27065       0.24910       0.23149       0.21635       0.20216    
    0.18795       0.17316       0.15775       0.14219       0.12710    
    0.11318       0.10091       0.90543E-01   0.81975E-01   0.74891E-01
    0.68851E-01   0.63355E-01   0.58066E-01   0.52779E-01   0.47477E-01
    0.42282E-01   0.37399E-01   0.33031E-01   0.29306E-01   0.26267E-01
    0.23848E-01   0.21899E-01   0.20238E-01   0.18695E-01   0.17145E-01
    0.15534E-01   0.13875E-01   0.12236E-01   0.10705E-01   0.93642E-02
    0.82665E-02
