    0.57843       0.57915       0.58132       0.58491       0.58986    
    0.59607       0.60331       0.61125       0.61943       0.62718    
    0.63367       0.63800       0.63901       0.63557       0.62670    
    0.61139       0.58919       0.56016       0.52490       0.48462    
    0.44129       0.39697       0.35411       0.31482       0.28067    
    0.25241       0.23006       0.21273       0.19907       0.18743    
    0.17635       0.16476       0.15215       0.13859       0.12461    
    0.11095       0.98343E-01   0.87373E-01   0.78277E-01   0.70973E-01
    0.65121E-01   0.60196E-01   0.55748E-01   0.51353E-01   0.46817E-01
    0.42133E-01   0.37449E-01   0.32990E-01   0.28986E-01   0.25600E-01
    0.22886E-01   0.20788E-01   0.19160E-01   0.17816E-01   0.16576E-01
    0.15306E-01   0.13943E-01   0.12493E-01   0.11021E-01   0.96177E-02
    0.83729E-02
