    0.79613       0.79659       0.79794       0.80005       0.80264    
    0.80542       0.80792       0.80963       0.80990       0.80781    
    0.80262       0.79327       0.77892       0.75876       0.73216    
    0.69899       0.65951       0.61471       0.56587       0.51499    
    0.46425       0.41576       0.37154       0.33287       0.30036    
    0.27390       0.25233       0.23456       0.21904       0.20429    
    0.18946       0.17411       0.15827       0.14246       0.12729    
    0.11343       0.10129       0.91063E-01   0.82583E-01   0.75519E-01
    0.69391E-01   0.63756E-01   0.58298E-01   0.52853E-01   0.47441E-01
    0.42194E-01   0.37318E-01   0.33001E-01   0.29353E-01   0.26385E-01
    0.24009E-01   0.22068E-01   0.20378E-01   0.18780E-01   0.17162E-01
    0.15490E-01   0.13789E-01   0.12135E-01   0.10614E-01   0.93050E-02
    0.82478E-02
