    0.65562       0.65596       0.65705       0.65911       0.66247    
    0.66757       0.67492       0.68491       0.69691       0.70424    
    0.73223       0.75924       0.79326       0.84355       0.88121    
    0.94152        1.0026        1.0724        1.1525        1.2154    
     1.3071        1.3990        1.5037        1.6140        1.7198    
     1.8059        1.9089        2.0132        2.1093        2.2067    
     2.2919        2.3801        2.4739        2.5458        2.5837    
     2.6059        2.7010        2.6953        2.6966        2.6978    
     2.6821        2.6560        2.6205        2.5696        2.5128    
     2.4574        2.3896        2.3157        2.2498        2.1757    
     2.0969        2.0218        1.9495        1.8827        1.8198    
     1.7593        1.7089        1.6579        1.6139        1.5716    
     1.5359    
