    0.62227E-01   0.62226E-01   0.62218E-01   0.62198E-01   0.62188E-01
    0.62239E-01   0.62309E-01   0.62360E-01   0.62382E-01   0.62376E-01
    0.62370E-01   0.62355E-01   0.62293E-01   0.62197E-01   0.62081E-01
    0.61814E-01   0.61752E-01   0.61547E-01   0.61354E-01   0.61147E-01
    0.60939E-01   0.60761E-01   0.60563E-01   0.60465E-01   0.60405E-01
    0.60419E-01   0.60514E-01   0.60694E-01   0.61037E-01   0.61468E-01
    0.62046E-01   0.62773E-01   0.63642E-01   0.64661E-01   0.65823E-01
    0.67110E-01   0.68480E-01   0.70003E-01   0.71536E-01   0.73075E-01
    0.74588E-01   0.76014E-01   0.77296E-01   0.78406E-01   0.79277E-01
    0.79853E-01   0.80133E-01   0.80051E-01   0.79577E-01   0.78692E-01
    0.77413E-01   0.75743E-01   0.73691E-01   0.71296E-01   0.68607E-01
    0.65639E-01   0.62487E-01   0.59203E-01   0.55849E-01   0.52509E-01
    0.49236E-01
