    0.94054       0.94066       0.94094       0.94116       0.94095    
    0.93988       0.93738       0.93268       0.92520       0.91409    
    0.89858       0.87790       0.85133       0.81859       0.77968    
    0.73487       0.68504       0.63165       0.57631       0.52122    
    0.46846       0.41982       0.37671       0.33969       0.30879    
    0.28325       0.26195       0.24337       0.22614       0.20934    
    0.19239       0.17528       0.15824       0.14197       0.12693    
    0.11358       0.10209       0.92383E-01   0.84162E-01   0.77024E-01
    0.70566E-01   0.64347E-01   0.58306E-01   0.52393E-01   0.46712E-01
    0.41438E-01   0.36730E-01   0.32696E-01   0.29357E-01   0.26624E-01
    0.24359E-01   0.22378E-01   0.20528E-01   0.18700E-01   0.16853E-01
    0.15006E-01   0.13227E-01   0.11599E-01   0.10192E-01   0.90468E-02
    0.81575E-02
