    0.45771       0.45815       0.45948       0.46175       0.46501    
    0.46936       0.47490       0.48177       0.49013       0.50014    
    0.51197       0.52582       0.54189       0.56037       0.58146    
    0.60538       0.63231       0.66245       0.69598       0.73309    
    0.77390       0.81852       0.86701       0.91935       0.97542    
     1.0350        1.0977        1.1630        1.2303        1.2987    
     1.3673        1.4348        1.5000        1.5617        1.6185    
     1.6691        1.7121        1.7467        1.7718        1.7869    
     1.7915        1.7855        1.7693        1.7434        1.7086    
     1.6661        1.6171        1.5633        1.5061        1.4472    
     1.3882        1.3307        1.2759        1.2251        1.1792    
     1.1389        1.1045        1.0762        1.0537        1.0367    
     1.0245    
