    0.41855E-01   0.41859E-01   0.41870E-01   0.41887E-01   0.41909E-01
    0.41932E-01   0.41953E-01   0.41969E-01   0.41977E-01   0.41973E-01
    0.41954E-01   0.41917E-01   0.41861E-01   0.41785E-01   0.41690E-01
    0.41576E-01   0.41447E-01   0.41306E-01   0.41160E-01   0.41014E-01
    0.40876E-01   0.40755E-01   0.40662E-01   0.40607E-01   0.40602E-01
    0.40660E-01   0.40794E-01   0.41017E-01   0.41340E-01   0.41777E-01
    0.42336E-01   0.43026E-01   0.43852E-01   0.44814E-01   0.45909E-01
    0.47128E-01   0.48457E-01   0.49876E-01   0.51359E-01   0.52873E-01
    0.54382E-01   0.55846E-01   0.57221E-01   0.58462E-01   0.59525E-01
    0.60368E-01   0.60953E-01   0.61247E-01   0.61226E-01   0.60871E-01
    0.60178E-01   0.59149E-01   0.57796E-01   0.56145E-01   0.54227E-01
    0.52085E-01   0.49766E-01   0.47323E-01   0.44813E-01   0.42294E-01
    0.39823E-01
