    0.68056E-01   0.68066E-01   0.68096E-01   0.68143E-01   0.68203E-01
    0.68271E-01   0.68339E-01   0.68400E-01   0.68446E-01   0.68470E-01
    0.68462E-01   0.68418E-01   0.68331E-01   0.68196E-01   0.68013E-01
    0.67780E-01   0.67501E-01   0.67180E-01   0.66825E-01   0.66446E-01
    0.66056E-01   0.65669E-01   0.65304E-01   0.64981E-01   0.64720E-01
    0.64545E-01   0.64480E-01   0.64548E-01   0.64772E-01   0.65172E-01
    0.65768E-01   0.66572E-01   0.67593E-01   0.68830E-01   0.70277E-01
    0.71918E-01   0.73726E-01   0.75667E-01   0.77697E-01   0.79761E-01
    0.81799E-01   0.83747E-01   0.85535E-01   0.87093E-01   0.88356E-01
    0.89260E-01   0.89752E-01   0.89787E-01   0.89334E-01   0.88375E-01
    0.86908E-01   0.84945E-01   0.82517E-01   0.79666E-01   0.76449E-01
    0.72934E-01   0.69198E-01   0.65323E-01   0.61396E-01   0.57502E-01
    0.53725E-01
