    0.37917       0.38001       0.38251       0.38666       0.39244    
    0.39980       0.40869       0.41945       0.43294       0.44672    
    0.46156       0.47982       0.49947       0.52177       0.54674    
    0.57226       0.60110       0.63202       0.66564       0.70183    
    0.74290       0.78724       0.83570       0.88708       0.94050    
    0.99954        1.0601        1.1242        1.1892        1.2568    
     1.3225        1.3877        1.4520        1.5141        1.5701    
     1.6193        1.6630        1.6982        1.7266        1.7411    
     1.7477        1.7427        1.7288        1.7068        1.6761    
     1.6371        1.5925        1.5427        1.4912        1.4376    
     1.3840        1.3317        1.2816        1.2374        1.1957    
     1.1582        1.1280        1.1022        1.0823        1.0681    
     1.0547    
