    0.45649       0.45717       0.45922       0.46269       0.46767    
    0.47429       0.48277       0.49339       0.50617       0.52049    
    0.53746       0.55705       0.58001       0.60638       0.63522    
    0.66834       0.70241       0.74112       0.78083       0.81961    
    0.86687       0.92626       0.99077        1.0499        1.1131    
     1.1748        1.2435        1.3137        1.3859        1.4577    
     1.5283        1.5977        1.6670        1.7254        1.7832    
     1.8306        1.8760        1.9084        1.9331        1.9456    
     1.9505        1.9424        1.9273        1.9037        1.8678    
     1.8267        1.7786        1.7257        1.6711        1.6145    
     1.5576        1.5018        1.4479        1.3975        1.3524    
     1.3106        1.2744        1.2434        1.2180        1.1956    
     1.1788    
