    0.69797       0.69839       0.69981       0.70281       0.70907    
    0.72507       0.71045       0.71686       0.73127       0.74385    
    0.77817       0.80602       0.84212       0.88817       0.94416    
     1.0084        1.0766        1.1556        1.2416        1.3185    
     1.4207        1.5216        1.6413        1.7616        1.8687    
     1.9791        2.0884        2.2133        2.3044        2.4055    
     2.5017        2.5913        2.6821        2.7527        2.7819    
     2.8693        2.8975        2.9036        2.8932        2.8930    
     2.8721        2.8395        2.7979        2.7385        2.6738    
     2.6110        2.5391        2.4595        2.3818        2.3010    
     2.2198        2.1430        2.0646        1.9939        1.9250    
     1.8610        1.8047        1.7518        1.7018        1.6544    
     1.6147    
