    0.93884       0.93896       0.93926       0.93951       0.93934    
    0.93832       0.93587       0.93128       0.92390       0.91291    
    0.89754       0.87701       0.85058       0.81800       0.77924    
    0.73456       0.68485       0.63155       0.57627       0.52122    
    0.46846       0.41982       0.37669       0.33965       0.30871    
    0.28316       0.26187       0.24329       0.22609       0.20932    
    0.19238       0.17529       0.15826       0.14199       0.12695    
    0.11359       0.10208       0.92376E-01   0.84152E-01   0.77016E-01
    0.70567E-01   0.64350E-01   0.58315E-01   0.52407E-01   0.46726E-01
    0.41451E-01   0.36740E-01   0.32702E-01   0.29359E-01   0.26624E-01
    0.24358E-01   0.22378E-01   0.20530E-01   0.18705E-01   0.16860E-01
    0.15014E-01   0.13236E-01   0.11606E-01   0.10198E-01   0.90503E-02
    0.81589E-02
