    0.66013E-01   0.66022E-01   0.66047E-01   0.66087E-01   0.66137E-01
    0.66193E-01   0.66249E-01   0.66298E-01   0.66335E-01   0.66351E-01
    0.66341E-01   0.66299E-01   0.66220E-01   0.66102E-01   0.65942E-01
    0.65743E-01   0.65506E-01   0.65235E-01   0.64939E-01   0.64627E-01
    0.64309E-01   0.64000E-01   0.63715E-01   0.63470E-01   0.63285E-01
    0.63179E-01   0.63173E-01   0.63286E-01   0.63538E-01   0.63946E-01
    0.64526E-01   0.65288E-01   0.66240E-01   0.67380E-01   0.68702E-01
    0.70193E-01   0.71828E-01   0.73577E-01   0.75399E-01   0.77249E-01
    0.79071E-01   0.80808E-01   0.82399E-01   0.83780E-01   0.84891E-01
    0.85677E-01   0.86086E-01   0.86079E-01   0.85626E-01   0.84709E-01
    0.83325E-01   0.81484E-01   0.79211E-01   0.76544E-01   0.73534E-01
    0.70240E-01   0.66734E-01   0.63089E-01   0.59385E-01   0.55701E-01
    0.52115E-01
