    0.83626       0.83619       0.83614       0.83652       0.83796    
    0.84132       0.84763       0.85800       0.87361       0.89562    
    0.92512       0.96310        1.0104        1.0677        1.1353    
     1.2136        1.3023        1.4012        1.5098        1.6270    
     1.7519        1.8831        2.0190        2.1580        2.2982    
     2.4377        2.5746        2.7070        2.8331        2.9510    
     3.0591        3.1561        3.2405        3.3114        3.3679    
     3.4093        3.4353        3.4457        3.4407        3.4207    
     3.3863        3.3387        3.2788        3.2081        3.1281    
     3.0406        2.9473        2.8500        2.7504        2.6503    
     2.5511        2.4542        2.3608        2.2719        2.1881    
     2.1101        2.0379        1.9717        1.9112        1.8562    
     1.8061    
