    0.64781       0.64809       0.64898       0.65070       0.65362    
    0.65819       0.66497       0.67455       0.68758       0.70467    
    0.72642       0.75335       0.78593       0.82451       0.86935    
    0.92061       0.97830        1.0423        1.1125        1.1885    
     1.2698        1.3559        1.4461        1.5396        1.6356    
     1.7329        1.8306        1.9276        2.0226        2.1144    
     2.2019        2.2837        2.3587        2.4258        2.4837    
     2.5318        2.5690        2.5948        2.6088        2.6109    
     2.6011        2.5799        2.5478        2.5058        2.4549    
     2.3964        2.3318        2.2626        2.1904        2.1166    
     2.0427        1.9701        1.8999        1.8332        1.7707    
     1.7129        1.6601        1.6125        1.5699        1.5319    
     1.4982    
