    0.66422       0.66446       0.66524       0.66681       0.66954    
    0.67394       0.68059       0.69015       0.70330       0.72071    
    0.74301       0.77079       0.80451       0.84458       0.89126    
    0.94471        1.0049        1.0718        1.1452        1.2246    
     1.3095        1.3993        1.4933        1.5906        1.6902    
     1.7911        1.8920        1.9920        2.0896        2.1836    
     2.2729        2.3560        2.4319        2.4993        2.5573    
     2.6049        2.6413        2.6660        2.6786        2.6790    
     2.6674        2.6441        2.6100        2.5658        2.5127    
     2.4520        2.3853        2.3140        2.2396        2.1638    
     2.0880        2.0135        1.9415        1.8730        1.8087    
     1.7492        1.6948        1.6456        1.6014        1.5619    
     1.5267    
