    0.37919       0.37999       0.38239       0.38641       0.39207    
    0.39937       0.40836       0.41906       0.43153       0.44582    
    0.46198       0.48008       0.50021       0.52246       0.54693    
    0.57375       0.60306       0.63501       0.66975       0.70747    
    0.74832       0.79244       0.83995       0.89088       0.94520    
     1.0028        1.0633        1.1264        1.1914        1.2576    
     1.3241        1.3898        1.4536        1.5141        1.5700    
     1.6202        1.6634        1.6985        1.7247        1.7413    
     1.7479        1.7446        1.7314        1.7090        1.6781    
     1.6399        1.5955        1.5466        1.4945        1.4408    
     1.3870        1.3347        1.2850        1.2390        1.1975    
     1.1611        1.1302        1.1048        1.0845        1.0691    
     1.0577    
