    0.30367E-01   0.30369E-01   0.30374E-01   0.30387E-01   0.30413E-01
    0.30456E-01   0.30524E-01   0.30623E-01   0.30756E-01   0.30925E-01
    0.31132E-01   0.31372E-01   0.31641E-01   0.31934E-01   0.32243E-01
    0.32567E-01   0.32904E-01   0.33262E-01   0.33658E-01   0.34117E-01
    0.34677E-01   0.35389E-01   0.36313E-01   0.37515E-01   0.39065E-01
    0.41032E-01   0.43474E-01   0.46435E-01   0.49937E-01   0.53975E-01
    0.58510E-01   0.63474E-01   0.68763E-01   0.74246E-01   0.79767E-01
    0.85153E-01   0.90226E-01   0.94808E-01   0.98737E-01   0.10187    
    0.10411       0.10537       0.10562       0.10489       0.10322    
    0.10070       0.97457E-01   0.93642E-01   0.89419E-01   0.84959E-01
    0.80431E-01   0.75997E-01   0.71801E-01   0.67962E-01   0.64577E-01
    0.61709E-01   0.59396E-01   0.57643E-01   0.56430E-01   0.55715E-01
    0.55434E-01
