    0.66818       0.66840       0.66916       0.67069       0.67338    
    0.67774       0.68437       0.69394       0.70713       0.72462    
    0.74707       0.77507       0.80909       0.84954       0.89670    
    0.95070        1.0116        1.0792        1.1534        1.2336    
     1.3195        1.4102        1.5052        1.6034        1.7040    
     1.8057        1.9075        2.0082        2.1065        2.2011    
     2.2908        2.3742        2.4503        2.5179        2.5758    
     2.6233        2.6595        2.6839        2.6961        2.6961    
     2.6840        2.6603        2.6256        2.5808        2.5272    
     2.4660        2.3987        2.3268        2.2519        2.1756    
     2.0993        2.0243        1.9518        1.8829        1.8182    
     1.7582        1.7034        1.6538        1.6092        1.5694    
     1.5337    
