    0.62410       0.62448       0.62568       0.62787       0.63134    
    0.63649       0.64374       0.65353       0.66612       0.67753    
    0.70223       0.72573       0.75696       0.79524       0.83948    
    0.89510       0.95125        1.0162        1.1113        1.1461    
     1.2300        1.3160        1.4090        1.5090        1.6001    
     1.6895        1.7851        1.8979        1.9760        2.0641    
     2.1522        2.2356        2.3328        2.3998        2.4407    
     2.4780        2.4754        2.5554        2.5597        2.5627    
     2.5481        2.5295        2.4977        2.4528        2.3992    
     2.3481        2.2838        2.2147        2.1439        2.0776    
     2.0071        1.9355        1.8666        1.8027        1.7432    
     1.6869        1.6395        1.5928        1.5499        1.5109    
     1.4784    
