    0.37855       0.37908       0.38070       0.38344       0.38736    
    0.39257       0.39915       0.40724       0.41698       0.42851    
    0.44199       0.45756       0.47540       0.49567       0.51852    
    0.54414       0.57268       0.60431       0.63921       0.67754    
    0.71944       0.76503       0.81438       0.86752       0.92438    
    0.98479        1.0485        1.1150        1.1837        1.2540    
     1.3249        1.3954        1.4642        1.5300        1.5917    
     1.6477        1.6968        1.7379        1.7699        1.7921    
     1.8039        1.8052        1.7959        1.7767        1.7482    
     1.7115        1.6677        1.6183        1.5649        1.5090    
     1.4524        1.3963        1.3423        1.2915        1.2448    
     1.2031        1.1666        1.1355        1.1098        1.0890    
     1.0727    
