    0.42539E-01   0.42543E-01   0.42557E-01   0.42579E-01   0.42605E-01
    0.42635E-01   0.42663E-01   0.42687E-01   0.42701E-01   0.42702E-01
    0.42687E-01   0.42652E-01   0.42595E-01   0.42515E-01   0.42412E-01
    0.42286E-01   0.42141E-01   0.41980E-01   0.41808E-01   0.41634E-01
    0.41464E-01   0.41309E-01   0.41181E-01   0.41090E-01   0.41051E-01
    0.41077E-01   0.41185E-01   0.41388E-01   0.41702E-01   0.42139E-01
    0.42713E-01   0.43432E-01   0.44302E-01   0.45327E-01   0.46501E-01
    0.47816E-01   0.49257E-01   0.50802E-01   0.52421E-01   0.54080E-01
    0.55738E-01   0.57351E-01   0.58871E-01   0.60248E-01   0.61433E-01
    0.62381E-01   0.63050E-01   0.63404E-01   0.63416E-01   0.63070E-01
    0.62357E-01   0.61281E-01   0.59858E-01   0.58115E-01   0.56088E-01
    0.53821E-01   0.51368E-01   0.48786E-01   0.46137E-01   0.43483E-01
    0.40885E-01
