    0.59553E-01   0.59558E-01   0.59574E-01   0.59598E-01   0.59628E-01
    0.59662E-01   0.59695E-01   0.59722E-01   0.59741E-01   0.59746E-01
    0.59734E-01   0.59703E-01   0.59649E-01   0.59573E-01   0.59475E-01
    0.59357E-01   0.59221E-01   0.59074E-01   0.58922E-01   0.58771E-01
    0.58632E-01   0.58513E-01   0.58427E-01   0.58384E-01   0.58397E-01
    0.58479E-01   0.58642E-01   0.58897E-01   0.59257E-01   0.59730E-01
    0.60323E-01   0.61043E-01   0.61890E-01   0.62861E-01   0.63950E-01
    0.65143E-01   0.66422E-01   0.67764E-01   0.69140E-01   0.70513E-01
    0.71846E-01   0.73096E-01   0.74218E-01   0.75167E-01   0.75898E-01
    0.76371E-01   0.76548E-01   0.76398E-01   0.75898E-01   0.75035E-01
    0.73804E-01   0.72212E-01   0.70275E-01   0.68020E-01   0.65485E-01
    0.62715E-01   0.59762E-01   0.56684E-01   0.53541E-01   0.50396E-01
    0.47311E-01
