    0.59793E-01   0.59798E-01   0.59814E-01   0.59839E-01   0.59870E-01
    0.59904E-01   0.59937E-01   0.59965E-01   0.59984E-01   0.59990E-01
    0.59978E-01   0.59946E-01   0.59892E-01   0.59815E-01   0.59715E-01
    0.59594E-01   0.59456E-01   0.59305E-01   0.59148E-01   0.58993E-01
    0.58848E-01   0.58724E-01   0.58631E-01   0.58582E-01   0.58589E-01
    0.58665E-01   0.58822E-01   0.59073E-01   0.59428E-01   0.59898E-01
    0.60490E-01   0.61210E-01   0.62058E-01   0.63033E-01   0.64127E-01
    0.65328E-01   0.66616E-01   0.67969E-01   0.69356E-01   0.70743E-01
    0.72089E-01   0.73353E-01   0.74488E-01   0.75450E-01   0.76193E-01
    0.76675E-01   0.76859E-01   0.76714E-01   0.76217E-01   0.75353E-01
    0.74118E-01   0.72519E-01   0.70572E-01   0.68306E-01   0.65757E-01
    0.62971E-01   0.60002E-01   0.56906E-01   0.53745E-01   0.50584E-01
    0.47482E-01
