Background: A = 1.29(6),  B = -0.0006(3),  C = 0.0(0)
      Shape: R = 24.0(11),  Beta = 11.02(23),  Step = 0.0(0)
   position      width       height        area          centroid      energy
 1 1861.04(16)   9.39(8)     121(3)        1761(43)      1855.79(17)   927.89(9)
 2 1704.0(7)     9.31(8)     8.1(9)        117(13)       1698.7(7)     849.4(3)
 3 1664.14(9)    9.29(8)     846(11)       12195(114)    1658.87(11)   829.43(6)
Background: -1
Background: A = 1.29(6),  B = -0.0006(3),  C = 0.0(0)
      Shape: R = 24.0(11),  Beta = 11.02(23),  Step = 0.0(0)
 1 1442.5(3)     9.15(8)     37.8(18)      539(25)       1437.2(3)     718.61(14)
 2 1381.5(9)     9.15(8)     5.0(8)        72(11)        1376.2(9)     688.1(5)
 3 1283.2(8)     9.09(8)     7.1(9)        101(13)       1277.9(8)     638.9(4)
 4 1264.7(3)     9.09(8)     32.2(18)      458(26)       1259.4(3)     629.68(17)
 5 1243.66(15)   9.07(8)     148(4)        2105(49)      1238.33(17)   619.17(9)
 6 1172.1(3)     9.03(8)     31.8(17)      451(24)       1166.8(3)     583.39(16)
 7 1140.69(17)   9.02(8)     109(3)        1547(42)      1135.35(19)   567.67(9)
Background: -1
Background: A = 1.26(11),  B = -0.0029(8),  C = 0.0(0)
      Shape: R = 33(5),  Beta = 6.9(5),  Step = 0.0(0)
   position      width       height        area          centroid      energy
 1 1008.0(10)    8.55(19)    4.4(8)        56(10)        1004.4(9)     502.2(5)
 2 992.8(8)      8.54(19)    6.6(10)       83(12)        989.2(8)      494.6(4)
 3 961.1(3)      8.52(19)    299(8)        3791(66)      957.55(17)    478.77(9)
 4 929.5(4)      8.50(19)    50(3)         635(34)       925.9(4)      462.95(19)
 5 917.4(18)     8.50(19)    5.3(17)       67(22)        913.8(19)     456.9(9)
 6 883.8(10)     8.48(19)    4.4(8)        56(10)        880.2(10)     440.1(5)
 7 821.5(4)      8.44(19)    26.0(16)      327(20)       817.9(3)      408.97(17)
 8 773.4(3)      8.42(19)    63(3)         788(30)       769.81(24)    384.91(12)
 9 722.8(11)     8.39(19)    3.9(8)        49(10)        719.2(11)     359.6(5)
Background: A = 1.40(12),  B = 0.0(0),  C = 0.0(0)
      Shape: R = 41(11),  Beta = 6.90(0),  Step = 0.0(0)
   position      width       height        area          centroid      energy
 1 685.4(17)     9.1(5)      2.3(6)        33(9)         681.3(17)     340.6(8)
 2 597.0(23)     9.1(5)      1.5(6)        22(8)         592.9(23)     296.4(12)
 3 568.7(12)     9.1(5)      4.7(8)        66(12)        564.6(12)     282.3(6)
 4 552.9(13)     9.1(5)      4.6(9)        65(12)        548.8(13)     274.4(6)
Background: -1
Background: -1
Background: -1
Background: -1
Background: A = 2.27(20),  B = -0.0079(22),  C = 0.0(0)
      Shape: R = 25(4),  Beta = 6.90(0),  Step = 0.0(0)
   position      width       height        area          centroid      energy
 1 315.9(7)      8.7(3)      7.8(11)       94(13)        313.0(7)      156.5(4)
 2 277.1(7)      8.6(3)      9.1(11)       108(13)       274.2(7)      137.1(3)
 3 253.0(3)      8.6(3)      72(3)         860(32)       250.0(3)      125.02(14)
 4 299(3)        8.7(3)      1.6(7)        19(9)         296(3)        147.9(13)
 5 218.8(12)     8.6(3)      4.2(9)        50(11)        215.8(13)     107.9(6)
 6 184.6(5)      8.6(3)      17.2(17)      204(20)       181.7(6)      90.8(3)
 7 170.9(3)      8.6(3)      68(3)         801(33)       167.9(3)      83.97(16)
Background: -1
Background: A = 3.5(8),  B = -0.02(4),  C = 0.0(0)
      Shape: R = 25.0(0),  Beta = 6.90(0),  Step = 0.0(0)
   position      width       height        area          centroid      energy
 1 45.1(3)       8.5(4)      91(4)         1076(52)      42.1(3)       21.07(14)
 2 35.1(20)      8.70(0)     10(3)         116(42)       32.2(20)      16.1(10)
