    0.44351E-01   0.44360E-01   0.44385E-01   0.44424E-01   0.44474E-01
    0.44531E-01   0.44590E-01   0.44644E-01   0.44687E-01   0.44713E-01
    0.44715E-01   0.44689E-01   0.44629E-01   0.44532E-01   0.44396E-01
    0.44222E-01   0.44011E-01   0.43767E-01   0.43498E-01   0.43211E-01
    0.42918E-01   0.42633E-01   0.42372E-01   0.42153E-01   0.41995E-01
    0.41922E-01   0.41956E-01   0.42121E-01   0.42440E-01   0.42935E-01
    0.43625E-01   0.44525E-01   0.45645E-01   0.46990E-01   0.48554E-01
    0.50325E-01   0.52281E-01   0.54390E-01   0.56610E-01   0.58891E-01
    0.61177E-01   0.63403E-01   0.65504E-01   0.67411E-01   0.69058E-01
    0.70385E-01   0.71336E-01   0.71867E-01   0.71946E-01   0.71553E-01
    0.70683E-01   0.69348E-01   0.67574E-01   0.65399E-01   0.62876E-01
    0.60070E-01   0.57051E-01   0.53896E-01   0.50687E-01   0.47503E-01
    0.44421E-01
