    0.59402E-01   0.59407E-01   0.59422E-01   0.59446E-01   0.59476E-01
    0.59509E-01   0.59542E-01   0.59569E-01   0.59587E-01   0.59592E-01
    0.59581E-01   0.59549E-01   0.59496E-01   0.59421E-01   0.59324E-01
    0.59207E-01   0.59074E-01   0.58929E-01   0.58779E-01   0.58631E-01
    0.58495E-01   0.58380E-01   0.58298E-01   0.58259E-01   0.58276E-01
    0.58361E-01   0.58527E-01   0.58786E-01   0.59148E-01   0.59622E-01
    0.60217E-01   0.60937E-01   0.61782E-01   0.62752E-01   0.63837E-01
    0.65025E-01   0.66299E-01   0.67634E-01   0.69002E-01   0.70367E-01
    0.71692E-01   0.72933E-01   0.74047E-01   0.74988E-01   0.75712E-01
    0.76179E-01   0.76351E-01   0.76198E-01   0.75697E-01   0.74834E-01
    0.73606E-01   0.72018E-01   0.70086E-01   0.67840E-01   0.65313E-01
    0.62553E-01   0.59610E-01   0.56543E-01   0.53411E-01   0.50277E-01
    0.47202E-01
