    0.38634       0.38717       0.38966       0.39379       0.39953    
    0.40681       0.41553       0.42625       0.43960       0.45396    
    0.46826       0.48702       0.50690       0.52946       0.55464    
    0.58075       0.61010       0.64174       0.67560       0.71230    
    0.75371       0.79899       0.84843       0.90004       0.95381    
     1.0140        1.0750        1.1398        1.2051        1.2733    
     1.3392        1.4045        1.4690        1.5313        1.5872    
     1.6361        1.6801        1.7150        1.7434        1.7578    
     1.7658        1.7588        1.7451        1.7226        1.6922    
     1.6526        1.6077        1.5578        1.5060        1.4522    
     1.3984        1.3458        1.2957        1.2510        1.2090    
     1.1708        1.1405        1.1141        1.0938        1.0781    
     1.0652    
