    0.72096E-01   0.72106E-01   0.72135E-01   0.72174E-01   0.72202E-01
    0.72217E-01   0.72344E-01   0.72488E-01   0.72569E-01   0.72562E-01
    0.72580E-01   0.72624E-01   0.72530E-01   0.72361E-01   0.72132E-01
    0.71240E-01   0.71457E-01   0.70987E-01   0.70515E-01   0.69981E-01
    0.69418E-01   0.68874E-01   0.68505E-01   0.67809E-01   0.67354E-01
    0.67053E-01   0.66875E-01   0.66810E-01   0.67089E-01   0.67512E-01
    0.68192E-01   0.69123E-01   0.70428E-01   0.72067E-01   0.73764E-01
    0.75845E-01   0.78146E-01   0.80629E-01   0.83222E-01   0.85844E-01
    0.88429E-01   0.90889E-01   0.93195E-01   0.95170E-01   0.96774E-01
    0.97921E-01   0.98574E-01   0.98679E-01   0.98170E-01   0.97056E-01
    0.95325E-01   0.93006E-01   0.90144E-01   0.86802E-01   0.83078E-01
    0.78971E-01   0.74665E-01   0.70227E-01   0.65759E-01   0.61384E-01
    0.57164E-01
