    0.54758       0.54807       0.54956       0.55222       0.55626    
    0.56199       0.56982       0.58031       0.59193       0.60749    
    0.62625       0.64820       0.67459       0.70632       0.74545    
    0.78409       0.83264       0.88172       0.93535       0.98548    
     1.0440        1.1508        1.2012        1.2769        1.3536    
     1.4332        1.5097        1.5919        1.6749        1.7548    
     1.8427        1.9102        1.9821        2.0455        2.1012    
     2.1530        2.1868        2.2162        2.2352        2.2453    
     2.2412        2.2286        2.2044        2.1726        2.1314    
     2.0874        2.0313        1.9730        1.9101        1.8495    
     1.7860        1.7236        1.6638        1.6076        1.5553    
     1.5055        1.4619        1.4231        1.3891        1.3580    
     1.3337    
