    0.73524E-01   0.73538E-01   0.73577E-01   0.73632E-01   0.73684E-01
    0.73724E-01   0.73872E-01   0.74054E-01   0.74166E-01   0.74169E-01
    0.74207E-01   0.74293E-01   0.74206E-01   0.74036E-01   0.73792E-01
    0.72700E-01   0.73078E-01   0.72540E-01   0.72001E-01   0.71397E-01
    0.70754E-01   0.70134E-01   0.69835E-01   0.68922E-01   0.68378E-01
    0.68013E-01   0.67812E-01   0.67717E-01   0.68023E-01   0.68494E-01
    0.69248E-01   0.70295E-01   0.71756E-01   0.73506E-01   0.75507E-01
    0.77840E-01   0.80413E-01   0.83184E-01   0.86086E-01   0.88993E-01
    0.91832E-01   0.94637E-01   0.97151E-01   0.99330E-01   0.10109    
    0.10234       0.10304       0.10314       0.10257       0.10134    
    0.99438E-01   0.96910E-01   0.93799E-01   0.90181E-01   0.86178E-01
    0.81763E-01   0.77162E-01   0.72439E-01   0.67704E-01   0.63094E-01
    0.58673E-01
