    0.44800       0.44870       0.45084       0.45445       0.45961    
    0.46642       0.47501       0.48552       0.49810       0.51292    
    0.53013       0.54990       0.57239       0.59772       0.62604    
    0.65748       0.69213       0.73010       0.77147       0.81631    
    0.86465       0.91650       0.97181        1.0305        1.0923    
     1.1570        1.2242        1.2932        1.3635        1.4341    
     1.5042        1.5727        1.6383        1.6998        1.7561    
     1.8059        1.8481        1.8818        1.9061        1.9207    
     1.9251        1.9193        1.9037        1.8789        1.8456    
     1.8050        1.7583        1.7068        1.6522        1.5959    
     1.5393        1.4838        1.4307        1.3810        1.3355    
     1.2948        1.2593        1.2289        1.2035        1.1827    
     1.1659    
