    0.49443       0.49505       0.49692       0.50014       0.50482    
    0.51115       0.51932       0.52955       0.54208       0.55715    
    0.57498       0.59579       0.61977       0.64709       0.67790    
    0.71233       0.75048       0.79242       0.83821       0.88785    
    0.94131       0.99853        1.0594        1.1236        1.1909    
     1.2609        1.3332        1.4069        1.4814        1.5559    
     1.6292        1.7004        1.7682        1.8314        1.8888    
     1.9392        1.9816        2.0150        2.0386        2.0520    
     2.0549        2.0473        2.0296        2.0023        1.9665    
     1.9230        1.8734        1.8189        1.7612        1.7017    
     1.6419        1.5832        1.5269        1.4739        1.4251    
     1.3811        1.3422        1.3084        1.2795        1.2553    
     1.2351    
