    0.62398E-01   0.62405E-01   0.62424E-01   0.62454E-01   0.62492E-01
    0.62534E-01   0.62575E-01   0.62611E-01   0.62636E-01   0.62645E-01
    0.62634E-01   0.62598E-01   0.62535E-01   0.62442E-01   0.62321E-01
    0.62171E-01   0.61996E-01   0.61801E-01   0.61592E-01   0.61378E-01
    0.61169E-01   0.60975E-01   0.60809E-01   0.60685E-01   0.60618E-01
    0.60623E-01   0.60714E-01   0.60908E-01   0.61219E-01   0.61658E-01
    0.62237E-01   0.62964E-01   0.63841E-01   0.64867E-01   0.66037E-01
    0.67335E-01   0.68743E-01   0.70235E-01   0.71777E-01   0.73330E-01
    0.74849E-01   0.76287E-01   0.77591E-01   0.78709E-01   0.79592E-01
    0.80191E-01   0.80464E-01   0.80376E-01   0.79902E-01   0.79025E-01
    0.77741E-01   0.76057E-01   0.73994E-01   0.71582E-01   0.68863E-01
    0.65888E-01   0.62716E-01   0.59412E-01   0.56044E-01   0.52681E-01
    0.49390E-01
