    0.70023E-01   0.70030E-01   0.70049E-01   0.70071E-01   0.70069E-01
    0.70068E-01   0.70184E-01   0.70294E-01   0.70349E-01   0.70342E-01
    0.70343E-01   0.70357E-01   0.70264E-01   0.70108E-01   0.69906E-01
    0.69237E-01   0.69311E-01   0.68913E-01   0.68518E-01   0.68072E-01
    0.67602E-01   0.67156E-01   0.66769E-01   0.66285E-01   0.65938E-01
    0.65710E-01   0.65589E-01   0.65572E-01   0.65844E-01   0.66237E-01
    0.66856E-01   0.67692E-01   0.68837E-01   0.70164E-01   0.71766E-01
    0.73582E-01   0.75596E-01   0.77765E-01   0.80023E-01   0.82319E-01
    0.84596E-01   0.86773E-01   0.88758E-01   0.90498E-01   0.91909E-01
    0.92915E-01   0.93490E-01   0.93570E-01   0.93107E-01   0.92097E-01
    0.90528E-01   0.88422E-01   0.85819E-01   0.82773E-01   0.79356E-01
    0.75588E-01   0.71615E-01   0.67502E-01   0.63347E-01   0.59242E-01
    0.55274E-01
