    0.80976       0.81021       0.81147       0.81343       0.81581    
    0.81834       0.82036       0.82158       0.82121       0.81834    
    0.81227       0.80193       0.78651       0.76522       0.73745    
    0.70317       0.66268       0.61700       0.56744       0.51606    
    0.46503       0.41644       0.37226       0.33371       0.30135    
    0.27480       0.25342       0.23560       0.21994       0.20498    
    0.18995       0.17439       0.15841       0.14252       0.12732    
    0.11350       0.10142       0.91236E-01   0.82787E-01   0.75722E-01
    0.69563E-01   0.63878E-01   0.58361E-01   0.52862E-01   0.47413E-01
    0.42154E-01   0.37282E-01   0.32987E-01   0.29367E-01   0.26423E-01
    0.24062E-01   0.22122E-01   0.20420E-01   0.18800E-01   0.17159E-01
    0.15466E-01   0.13752E-01   0.12094E-01   0.10580E-01   0.92830E-02
    0.82409E-02
