    0.65846E-01   0.65855E-01   0.65880E-01   0.65919E-01   0.65968E-01
    0.66023E-01   0.66079E-01   0.66127E-01   0.66163E-01   0.66179E-01
    0.66169E-01   0.66127E-01   0.66049E-01   0.65932E-01   0.65775E-01
    0.65578E-01   0.65344E-01   0.65078E-01   0.64786E-01   0.64479E-01
    0.64167E-01   0.63864E-01   0.63585E-01   0.63347E-01   0.63168E-01
    0.63068E-01   0.63066E-01   0.63183E-01   0.63438E-01   0.63847E-01
    0.64426E-01   0.65186E-01   0.66132E-01   0.67266E-01   0.68579E-01
    0.70059E-01   0.71681E-01   0.73415E-01   0.75222E-01   0.77055E-01
    0.78861E-01   0.80582E-01   0.82157E-01   0.83524E-01   0.84624E-01
    0.85399E-01   0.85802E-01   0.85791E-01   0.85337E-01   0.84423E-01
    0.83045E-01   0.81213E-01   0.78951E-01   0.76298E-01   0.73303E-01
    0.70027E-01   0.66538E-01   0.62911E-01   0.59225E-01   0.55558E-01
    0.51986E-01
