    0.71225E-01   0.71234E-01   0.71258E-01   0.71289E-01   0.71302E-01
    0.71304E-01   0.71426E-01   0.71555E-01   0.71623E-01   0.71619E-01
    0.71625E-01   0.71655E-01   0.71560E-01   0.71396E-01   0.71179E-01
    0.70391E-01   0.70538E-01   0.70099E-01   0.69661E-01   0.69166E-01
    0.68644E-01   0.68142E-01   0.67757E-01   0.67162E-01   0.66755E-01
    0.66485E-01   0.66330E-01   0.66285E-01   0.66557E-01   0.66963E-01
    0.67613E-01   0.68496E-01   0.69726E-01   0.71394E-01   0.72870E-01
    0.74829E-01   0.76997E-01   0.79335E-01   0.81774E-01   0.84248E-01
    0.86697E-01   0.89041E-01   0.91187E-01   0.93057E-01   0.94576E-01
    0.95661E-01   0.96282E-01   0.96379E-01   0.95894E-01   0.94830E-01
    0.93176E-01   0.90956E-01   0.88214E-01   0.85009E-01   0.81425E-01
    0.77472E-01   0.73317E-01   0.69026E-01   0.64699E-01   0.60445E-01
    0.56336E-01
