     1.0131        1.0130        1.0124        1.0113        1.0092    
     1.0055       0.99967       0.99098       0.97874       0.96212    
    0.94051       0.91327       0.88004       0.84059       0.79541    
    0.74492       0.69032       0.63339       0.57575       0.51955    
    0.46669       0.41879       0.37675       0.34098       0.31103    
    0.28601       0.26470       0.24556       0.22748       0.20972    
    0.19191       0.17421       0.15688       0.14070       0.12596    
    0.11302       0.10192       0.92477E-01   0.84332E-01   0.77101E-01
    0.70405E-01   0.63967E-01   0.57686E-01   0.51636E-01   0.45937E-01
    0.40751E-01   0.36206E-01   0.32351E-01   0.29168E-01   0.26532E-01
    0.24280E-01   0.22251E-01   0.20303E-01   0.18368E-01   0.16438E-01
    0.14555E-01   0.12795E-01   0.11234E-01   0.99261E-02   0.88833E-02
    0.80795E-02
