    0.60523E-01   0.60520E-01   0.60511E-01   0.60494E-01   0.60496E-01
    0.60548E-01   0.60608E-01   0.60651E-01   0.60669E-01   0.60662E-01
    0.60656E-01   0.60640E-01   0.60584E-01   0.60499E-01   0.60396E-01
    0.60173E-01   0.60111E-01   0.59937E-01   0.59777E-01   0.59608E-01
    0.59443E-01   0.59309E-01   0.59160E-01   0.59113E-01   0.59102E-01
    0.59162E-01   0.59299E-01   0.59519E-01   0.59886E-01   0.60338E-01
    0.60923E-01   0.61647E-01   0.62495E-01   0.63480E-01   0.64591E-01
    0.65813E-01   0.67114E-01   0.68530E-01   0.69964E-01   0.71392E-01
    0.72790E-01   0.74101E-01   0.75274E-01   0.76280E-01   0.77060E-01
    0.77560E-01   0.77781E-01   0.77665E-01   0.77172E-01   0.76298E-01
    0.75054E-01   0.73436E-01   0.71461E-01   0.69162E-01   0.66585E-01
    0.63741E-01   0.60722E-01   0.57574E-01   0.54359E-01   0.51148E-01
    0.48000E-01
