    0.60225E-01   0.60230E-01   0.60247E-01   0.60272E-01   0.60304E-01
    0.60340E-01   0.60374E-01   0.60404E-01   0.60424E-01   0.60430E-01
    0.60418E-01   0.60386E-01   0.60330E-01   0.60251E-01   0.60147E-01
    0.60022E-01   0.59878E-01   0.59721E-01   0.59556E-01   0.59392E-01
    0.59237E-01   0.59102E-01   0.58998E-01   0.58937E-01   0.58933E-01
    0.58997E-01   0.59144E-01   0.59385E-01   0.59733E-01   0.60197E-01
    0.60787E-01   0.61507E-01   0.62359E-01   0.63341E-01   0.64445E-01
    0.65660E-01   0.66966E-01   0.68339E-01   0.69749E-01   0.71161E-01
    0.72534E-01   0.73824E-01   0.74985E-01   0.75971E-01   0.76735E-01
    0.77235E-01   0.77433E-01   0.77297E-01   0.76804E-01   0.75938E-01
    0.74696E-01   0.73084E-01   0.71120E-01   0.68831E-01   0.66256E-01
    0.63441E-01   0.60440E-01   0.57312E-01   0.54119E-01   0.50926E-01
    0.47794E-01
