    0.45481       0.45549       0.45756       0.46106       0.46606    
    0.47271       0.48121       0.49184       0.50462       0.51894    
    0.53590       0.55545       0.57837       0.60468       0.63343    
    0.66648       0.70043       0.73902       0.77863       0.81752    
    0.86420       0.92316       0.98779        1.0469        1.1098    
     1.1715        1.2401        1.3102        1.3823        1.4540    
     1.5245        1.5938        1.6632        1.7215        1.7792    
     1.8267        1.8722        1.9045        1.9293        1.9419    
     1.9468        1.9388        1.9238        1.9002        1.8643    
     1.8233        1.7752        1.7224        1.6678        1.6112    
     1.5544        1.4986        1.4449        1.3944        1.3495    
     1.3078        1.2716        1.2407        1.2155        1.1931    
     1.1762    
