    0.59265       0.59305       0.59433       0.59665       0.60033    
    0.60576       0.61328       0.62224       0.63529       0.65082    
    0.66908       0.69252       0.72253       0.75963       0.80246    
    0.84688       0.89755       0.95491        1.0173        1.0726    
     1.1835        1.2426        1.3195        1.4016        1.4935    
     1.5845        1.6644        1.7532        1.8431        1.9306    
     2.0162        2.0926        2.1681        2.2292        2.2847    
     2.3343        2.3670        2.3954        2.4097        2.4161    
     2.4069        2.3909        2.3621        2.3269        2.2833    
     2.2319        2.1717        2.1086        2.0412        1.9760    
     1.9082        1.8421        1.7783        1.7188        1.6619    
     1.6055        1.5598        1.5168        1.4785        1.4433    
     1.4149    
