    0.87285       0.87316       0.87402       0.87519       0.87644    
    0.87737       0.87741       0.87600       0.87249       0.86581    
    0.85540       0.84031       0.81963       0.79297       0.75983    
    0.72041       0.67535       0.62580       0.57316       0.51975    
    0.46763       0.41883       0.37499       0.33710       0.30539    
    0.27938       0.25805       0.23987       0.22358       0.20762    
    0.19161       0.17524       0.15868       0.14251       0.12733    
    0.11368       0.10187       0.91928E-01   0.83594E-01   0.76509E-01
    0.70195E-01   0.64271E-01   0.58494E-01   0.52767E-01   0.47176E-01
    0.41882E-01   0.37067E-01   0.32887E-01   0.29400E-01   0.26566E-01
    0.24259E-01   0.22311E-01   0.20543E-01   0.18823E-01   0.17076E-01
    0.15297E-01   0.13537E-01   0.11879E-01   0.10406E-01   0.91758E-02
    0.82060E-02
