    0.74222E-01   0.74238E-01   0.74284E-01   0.74352E-01   0.74421E-01
    0.74480E-01   0.74645E-01   0.74856E-01   0.74993E-01   0.75010E-01
    0.75059E-01   0.75180E-01   0.75104E-01   0.74938E-01   0.74690E-01
    0.73485E-01   0.73979E-01   0.73387E-01   0.72809E-01   0.72166E-01
    0.71477E-01   0.70815E-01   0.70581E-01   0.69524E-01   0.68926E-01
    0.68514E-01   0.68319E-01   0.68216E-01   0.68548E-01   0.69061E-01
    0.69871E-01   0.71009E-01   0.72574E-01   0.74449E-01   0.76618E-01
    0.79111E-01   0.81863E-01   0.84822E-01   0.87918E-01   0.90963E-01
    0.94044E-01   0.97034E-01   0.99671E-01   0.10197       0.10382    
    0.10513       0.10584       0.10593       0.10530       0.10398    
    0.10197       0.99300E-01   0.96024E-01   0.92226E-01   0.88043E-01
    0.83431E-01   0.78645E-01   0.73745E-01   0.68845E-01   0.64093E-01
    0.59553E-01
