    0.76722       0.76773       0.76925       0.77163       0.77466    
    0.77805       0.78138       0.78411       0.78566       0.78517    
    0.78178       0.77446       0.76238       0.74456       0.72041    
    0.68961       0.65234       0.60943       0.56219       0.51240    
    0.46234       0.41412       0.36984       0.33097       0.29818    
    0.27144       0.24987       0.23223       0.21700       0.20268    
    0.18832       0.17340       0.15789       0.14227       0.12715    
    0.11324       0.10101       0.90668E-01   0.82121E-01   0.75042E-01
    0.68984E-01   0.63455E-01   0.58127E-01   0.52803E-01   0.47474E-01
    0.42265E-01   0.37383E-01   0.33026E-01   0.29318E-01   0.26296E-01
    0.23887E-01   0.21941E-01   0.20274E-01   0.18718E-01   0.17152E-01
    0.15527E-01   0.13857E-01   0.12214E-01   0.10685E-01   0.93506E-02
    0.82622E-02
