    0.81100       0.81096       0.81099       0.81147       0.81300    
    0.81641       0.82264       0.83276       0.84788       0.86908    
    0.89740       0.93378       0.97899        1.0337        1.0982    
     1.1727        1.2573        1.3515        1.4549        1.5666    
     1.6856        1.8108        1.9406        2.0735        2.2078    
     2.3417        2.4735        2.6012        2.7231        2.8376    
     2.9431        3.0381        3.1214        3.1919        3.2487    
     3.2912        3.3188        3.3315        3.3292        3.3124    
     3.2816        3.2377        3.1818        3.1152        3.0395    
     2.9561        2.8670        2.7737        2.6780        2.5816    
     2.4860        2.3925        2.3024        2.2165        2.1357    
     2.0603        1.9907        1.9269        1.8688        1.8159    
     1.7679    
