    0.67733E-01   0.67743E-01   0.67772E-01   0.67818E-01   0.67876E-01
    0.67941E-01   0.68007E-01   0.68066E-01   0.68110E-01   0.68132E-01
    0.68124E-01   0.68080E-01   0.67994E-01   0.67862E-01   0.67683E-01
    0.67456E-01   0.67184E-01   0.66872E-01   0.66527E-01   0.66160E-01
    0.65782E-01   0.65409E-01   0.65057E-01   0.64747E-01   0.64499E-01
    0.64336E-01   0.64280E-01   0.64355E-01   0.64583E-01   0.64985E-01
    0.65577E-01   0.66372E-01   0.67379E-01   0.68598E-01   0.70022E-01
    0.71635E-01   0.73412E-01   0.75319E-01   0.77311E-01   0.79337E-01
    0.81337E-01   0.83247E-01   0.85000E-01   0.86528E-01   0.87764E-01
    0.88648E-01   0.89126E-01   0.89154E-01   0.88702E-01   0.87751E-01
    0.86299E-01   0.84359E-01   0.81958E-01   0.79139E-01   0.75959E-01
    0.72482E-01   0.68786E-01   0.64951E-01   0.61063E-01   0.57205E-01
    0.53460E-01
