    0.65165       0.65191       0.65278       0.65447       0.65734    
    0.66187       0.66862       0.67820       0.69125       0.70841    
    0.73029       0.75742       0.79027       0.82920       0.87448    
    0.92625       0.98454        1.0493        1.1202        1.1970    
     1.2791        1.3661        1.4572        1.5516        1.6484    
     1.7466        1.8450        1.9427        2.0383        2.1307    
     2.2186        2.3007        2.3759        2.4431        2.5011    
     2.5490        2.5860        2.6116        2.6253        2.6269    
     2.6167        2.5950        2.5625        2.5199        2.4685    
     2.4096        2.3445        2.2748        2.2020        2.1278    
     2.0534        1.9804        1.9098        1.8426        1.7797    
     1.7215        1.6683        1.6203        1.5774        1.5390    
     1.5049    
