    0.60251E-01   0.60248E-01   0.60239E-01   0.60223E-01   0.60228E-01
    0.60279E-01   0.60338E-01   0.60380E-01   0.60397E-01   0.60390E-01
    0.60384E-01   0.60368E-01   0.60313E-01   0.60229E-01   0.60128E-01
    0.59912E-01   0.59850E-01   0.59681E-01   0.59525E-01   0.59362E-01
    0.59204E-01   0.59077E-01   0.58935E-01   0.58896E-01   0.58891E-01
    0.58958E-01   0.59102E-01   0.59328E-01   0.59699E-01   0.60155E-01
    0.60742E-01   0.61465E-01   0.62310E-01   0.63290E-01   0.64394E-01
    0.65606E-01   0.66898E-01   0.68298E-01   0.69717E-01   0.71128E-01
    0.72509E-01   0.73803E-01   0.74959E-01   0.75949E-01   0.76715E-01
    0.77203E-01   0.77416E-01   0.77294E-01   0.76798E-01   0.75925E-01
    0.74685E-01   0.73076E-01   0.71112E-01   0.68828E-01   0.66267E-01
    0.63442E-01   0.60443E-01   0.57316E-01   0.54122E-01   0.50932E-01
    0.47802E-01
