    0.68334E-01   0.68340E-01   0.68353E-01   0.68365E-01   0.68348E-01
    0.68349E-01   0.68455E-01   0.68547E-01   0.68589E-01   0.68583E-01
    0.68578E-01   0.68579E-01   0.68492E-01   0.68349E-01   0.68168E-01
    0.67632E-01   0.67640E-01   0.67292E-01   0.66951E-01   0.66567E-01
    0.66166E-01   0.65789E-01   0.65424E-01   0.65063E-01   0.64789E-01
    0.64619E-01   0.64547E-01   0.64574E-01   0.64851E-01   0.65239E-01
    0.65831E-01   0.66623E-01   0.67672E-01   0.68900E-01   0.70363E-01
    0.72016E-01   0.73852E-01   0.75820E-01   0.77866E-01   0.79949E-01
    0.82014E-01   0.83985E-01   0.85779E-01   0.87353E-01   0.88625E-01
    0.89525E-01   0.90033E-01   0.90083E-01   0.89634E-01   0.88678E-01
    0.87201E-01   0.85223E-01   0.82782E-01   0.79922E-01   0.76708E-01
    0.73160E-01   0.69409E-01   0.65517E-01   0.61576E-01   0.57663E-01
    0.53870E-01
