     1.0397        1.0394        1.0385        1.0368        1.0339    
     1.0291        1.0219        1.0116       0.99736       0.97853    
    0.95450       0.92474       0.88893       0.84699       0.79948    
    0.74695       0.69076       0.63266       0.57434       0.51801    
    0.46522       0.41776       0.37622       0.34098       0.31140    
    0.28656       0.26523       0.24588       0.22749       0.20941    
    0.19135       0.17350       0.15615       0.14003       0.12545    
    0.11268       0.10172       0.92371E-01   0.84244E-01   0.76976E-01
    0.70201E-01   0.63675E-01   0.57329E-01   0.51250E-01   0.45564E-01
    0.40425E-01   0.35952E-01   0.32173E-01   0.29050E-01   0.26443E-01
    0.24192E-01   0.22134E-01   0.20156E-01   0.18187E-01   0.16234E-01
    0.14350E-01   0.12609E-01   0.11082E-01   0.98166E-02   0.88140E-02
    0.80408E-02
