    0.49939       0.49974       0.50083       0.50271       0.50548    
    0.50928       0.51427       0.52065       0.52864       0.53846    
    0.55038       0.56462       0.58144       0.60108       0.62376    
    0.64969       0.67908       0.71209       0.74887       0.78953    
    0.83417       0.88280       0.93540       0.99185        1.0520    
     1.1154        1.1818        1.2504        1.3206        1.3915    
     1.4621        1.5311        1.5975        1.6598        1.7167    
     1.7671        1.8097        1.8434        1.8676        1.8815    
     1.8848        1.8776        1.8600        1.8328        1.7967    
     1.7529        1.7028        1.6476        1.5892        1.5290    
     1.4686        1.4095        1.3531        1.3005        1.2526    
     1.2101        1.1733        1.1424        1.1173        1.0975    
     1.0825    
