    0.62501E-01   0.62508E-01   0.62527E-01   0.62557E-01   0.62596E-01
    0.62638E-01   0.62680E-01   0.62716E-01   0.62742E-01   0.62751E-01
    0.62740E-01   0.62704E-01   0.62640E-01   0.62547E-01   0.62424E-01
    0.62273E-01   0.62096E-01   0.61899E-01   0.61689E-01   0.61472E-01
    0.61259E-01   0.61062E-01   0.60893E-01   0.60766E-01   0.60696E-01
    0.60697E-01   0.60786E-01   0.60978E-01   0.61286E-01   0.61725E-01
    0.62304E-01   0.63031E-01   0.63910E-01   0.64939E-01   0.66112E-01
    0.67416E-01   0.68830E-01   0.70329E-01   0.71878E-01   0.73439E-01
    0.74967E-01   0.76412E-01   0.77724E-01   0.78850E-01   0.79739E-01
    0.80344E-01   0.80621E-01   0.80536E-01   0.80063E-01   0.79185E-01
    0.77899E-01   0.76211E-01   0.74142E-01   0.71723E-01   0.68996E-01
    0.66013E-01   0.62832E-01   0.59519E-01   0.56141E-01   0.52769E-01
    0.49470E-01
