    0.38829       0.38908       0.39143       0.39538       0.40093    
    0.40812       0.41699       0.42759       0.43996       0.45416    
    0.47027       0.48834       0.50846       0.53074       0.55526    
    0.58216       0.61158       0.64368       0.67862       0.71658    
    0.75771       0.80215       0.85002       0.90134       0.95606    
     1.0140        1.0750        1.1385        1.2039        1.2706    
     1.3376        1.4037        1.4680        1.5290        1.5856    
     1.6363        1.6801        1.7157        1.7423        1.7593    
     1.7662        1.7629        1.7497        1.7270        1.6959    
     1.6572        1.6123        1.5628        1.5100        1.4557    
     1.4013        1.3483        1.2980        1.2514        1.2094    
     1.1725        1.1411        1.1152        1.0945        1.0786    
     1.0668    
