    0.40857       0.40909       0.41066       0.41329       0.41701    
    0.42188       0.42793       0.43525       0.44393       0.45406    
    0.46576       0.47917       0.49443       0.51171       0.53119    
    0.55305       0.57751       0.60477       0.63507       0.66862    
    0.70563       0.74627       0.79068       0.83892       0.89098    
    0.94669        1.0058        1.0678        1.1322        1.1981    
     1.2645        1.3304        1.3945        1.4555        1.5119    
     1.5625        1.6060        1.6411        1.6670        1.6830    
     1.6885        1.6836        1.6684        1.6435        1.6097    
     1.5682        1.5202        1.4674        1.4112        1.3535    
     1.2959        1.2398        1.1868        1.1379        1.0941    
     1.0562        1.0244       0.99880       0.97930       0.96539    
    0.95641    
