    0.48470       0.48533       0.48726       0.49056       0.49534    
    0.50177       0.51002       0.52029       0.53282       0.54780    
    0.56545       0.58597       0.60954       0.63632       0.66646    
    0.70007       0.73727       0.77815       0.82275       0.87111    
    0.92323       0.97905        1.0385        1.1013        1.1672    
     1.2359        1.3069        1.3795        1.4530        1.5266    
     1.5993        1.6699        1.7373        1.8003        1.8576    
     1.9081        1.9507        1.9844        2.0084        2.0223    
     2.0257        2.0186        2.0015        1.9748        1.9395    
     1.8967        1.8477        1.7938        1.7367        1.6778    
     1.6186        1.5606        1.5049        1.4526        1.4046    
     1.3613        1.3231        1.2900        1.2620        1.2386    
     1.2192    
