    0.40846       0.40922       0.41150       0.41533       0.42075    
    0.42781       0.43658       0.44714       0.45955       0.47391    
    0.49030       0.50883       0.52958       0.55267       0.57821    
    0.60632       0.63714       0.67081       0.70747       0.74728    
    0.79036       0.83683       0.88674       0.94009       0.99680    
     1.0567        1.1194        1.1845        1.2514        1.3192    
     1.3872        1.4542        1.5190        1.5804        1.6371    
     1.6879        1.7314        1.7668        1.7930        1.8095    
     1.8159        1.8121        1.7983        1.7751        1.7433    
     1.7040        1.6585        1.6083        1.5549        1.4998    
     1.4447        1.3908        1.3395        1.2919        1.2487    
     1.2106        1.1779        1.1506        1.1284        1.1110    
     1.0977    
