    0.67629E-01   0.67639E-01   0.67668E-01   0.67713E-01   0.67771E-01
    0.67835E-01   0.67900E-01   0.67959E-01   0.68002E-01   0.68024E-01
    0.68016E-01   0.67972E-01   0.67886E-01   0.67755E-01   0.67577E-01
    0.67352E-01   0.67082E-01   0.66773E-01   0.66432E-01   0.66068E-01
    0.65694E-01   0.65325E-01   0.64978E-01   0.64673E-01   0.64429E-01
    0.64269E-01   0.64217E-01   0.64294E-01   0.64524E-01   0.64925E-01
    0.65516E-01   0.66309E-01   0.67311E-01   0.68524E-01   0.69941E-01
    0.71545E-01   0.73312E-01   0.75207E-01   0.77187E-01   0.79200E-01
    0.81187E-01   0.83085E-01   0.84827E-01   0.86344E-01   0.87572E-01
    0.88449E-01   0.88922E-01   0.88948E-01   0.88496E-01   0.87548E-01
    0.86101E-01   0.84167E-01   0.81776E-01   0.78968E-01   0.75799E-01
    0.72335E-01   0.68652E-01   0.64830E-01   0.60954E-01   0.57108E-01
    0.53374E-01
