    0.42298E-01   0.42303E-01   0.42316E-01   0.42336E-01   0.42361E-01
    0.42388E-01   0.42413E-01   0.42434E-01   0.42446E-01   0.42446E-01
    0.42429E-01   0.42393E-01   0.42337E-01   0.42259E-01   0.42158E-01
    0.42037E-01   0.41897E-01   0.41744E-01   0.41582E-01   0.41418E-01
    0.41260E-01   0.41117E-01   0.41001E-01   0.40924E-01   0.40897E-01
    0.40935E-01   0.41052E-01   0.41261E-01   0.41578E-01   0.42015E-01
    0.42582E-01   0.43290E-01   0.44143E-01   0.45144E-01   0.46289E-01
    0.47568E-01   0.48967E-01   0.50465E-01   0.52033E-01   0.53639E-01
    0.55242E-01   0.56800E-01   0.58267E-01   0.59594E-01   0.60735E-01
    0.61645E-01   0.62284E-01   0.62617E-01   0.62617E-01   0.62269E-01
    0.61564E-01   0.60506E-01   0.59110E-01   0.57401E-01   0.55415E-01
    0.53194E-01   0.50790E-01   0.48260E-01   0.45662E-01   0.43057E-01
    0.40505E-01
