    0.56329E-01   0.56333E-01   0.56345E-01   0.56364E-01   0.56386E-01
    0.56411E-01   0.56435E-01   0.56453E-01   0.56464E-01   0.56464E-01
    0.56451E-01   0.56421E-01   0.56376E-01   0.56313E-01   0.56236E-01
    0.56145E-01   0.56046E-01   0.55943E-01   0.55842E-01   0.55751E-01
    0.55678E-01   0.55632E-01   0.55622E-01   0.55658E-01   0.55751E-01
    0.55911E-01   0.56146E-01   0.56468E-01   0.56882E-01   0.57396E-01
    0.58015E-01   0.58740E-01   0.59572E-01   0.60504E-01   0.61530E-01
    0.62636E-01   0.63806E-01   0.65017E-01   0.66244E-01   0.67455E-01
    0.68617E-01   0.69693E-01   0.70644E-01   0.71431E-01   0.72017E-01
    0.72365E-01   0.72445E-01   0.72229E-01   0.71699E-01   0.70842E-01
    0.69655E-01   0.68144E-01   0.66324E-01   0.64219E-01   0.61860E-01
    0.59288E-01   0.56550E-01   0.53695E-01   0.50778E-01   0.47855E-01
    0.44981E-01
