    0.72116       0.72177       0.72357       0.72635       0.72999    
    0.73426       0.73875       0.74299       0.74644       0.74826    
    0.74757       0.74340       0.73476       0.72064       0.70031    
    0.67325       0.63958       0.59982       0.55519       0.50738    
    0.45855       0.41114       0.36679       0.32764       0.29442    
    0.26720       0.24562       0.22814       0.21334       0.19972    
    0.18614       0.17195       0.15702       0.14179       0.12681    
    0.11286       0.10048       0.89973E-01   0.81302E-01   0.74206E-01
    0.68225E-01   0.62866E-01   0.57749E-01   0.52629E-01   0.47456E-01
    0.42331E-01   0.37455E-01   0.33045E-01   0.29249E-01   0.26139E-01
    0.23669E-01   0.21705E-01   0.20066E-01   0.18575E-01   0.17092E-01
    0.15547E-01   0.13937E-01   0.12321E-01   0.10787E-01   0.94207E-02
    0.82855E-02
