    0.60355       0.60393       0.60511       0.60728       0.61072    
    0.61580       0.62296       0.63267       0.64545       0.66179    
    0.68217       0.70702       0.73669       0.77151       0.81167    
    0.85733       0.90853       0.96525        1.0273        1.0946    
     1.1667        1.2432        1.3237        1.4075        1.4940    
     1.5823        1.6716        1.7609        1.8492        1.9353    
     2.0182        2.0966        2.1693        2.2352        2.2932    
     2.3422        2.3814        2.4100        2.4275        2.4337    
     2.4284        2.4121        2.3852        2.3485        2.3030    
     2.2500        2.1907        2.1268        2.0597        1.9909    
     1.9219        1.8541        1.7885        1.7263        1.6683    
     1.6149        1.5664        1.5231        1.4846        1.4508    
     1.4211    
