    0.43053E-01   0.43059E-01   0.43075E-01   0.43100E-01   0.43132E-01
    0.43167E-01   0.43201E-01   0.43231E-01   0.43251E-01   0.43257E-01
    0.43245E-01   0.43212E-01   0.43154E-01   0.43070E-01   0.42959E-01
    0.42823E-01   0.42663E-01   0.42484E-01   0.42291E-01   0.42091E-01
    0.41894E-01   0.41710E-01   0.41550E-01   0.41429E-01   0.41362E-01
    0.41363E-01   0.41450E-01   0.41639E-01   0.41948E-01   0.42391E-01
    0.42981E-01   0.43731E-01   0.44647E-01   0.45732E-01   0.46981E-01
    0.48387E-01   0.49931E-01   0.51590E-01   0.53334E-01   0.55123E-01
    0.56915E-01   0.58660E-01   0.60306E-01   0.61801E-01   0.63092E-01
    0.64128E-01   0.64866E-01   0.65268E-01   0.65305E-01   0.64958E-01
    0.64222E-01   0.63100E-01   0.61610E-01   0.59781E-01   0.57653E-01
    0.55274E-01   0.52701E-01   0.49996E-01   0.47225E-01   0.44454E-01
    0.41747E-01
