    0.73633       0.73642       0.73677       0.73772       0.73974    
    0.74351       0.74979       0.75944       0.77337       0.79244    
    0.81750       0.84931       0.88848       0.93553       0.99079    
     1.0544        1.1264        1.2066        1.2945        1.3896    
     1.4911        1.5982        1.7096        1.8242        1.9408    
     2.0578        2.1738        2.2873        2.3968        2.5009    
     2.5982        2.6873        2.7669        2.8360        2.8936    
     2.9389        2.9713        2.9904        2.9960        2.9884    
     2.9677        2.9348        2.8904        2.8358        2.7720    
     2.7008        2.6235        2.5419        2.4575        2.3720    
     2.2868        2.2034        2.1227        2.0459        1.9736    
     1.9064        1.8446        1.7882        1.7370        1.6908    
     1.6491    
