    0.47369       0.47435       0.47636       0.47978       0.48470    
    0.49128       0.49967       0.51007       0.52269       0.53772    
    0.55539       0.57590       0.59943       0.62615       0.65622    
    0.68975       0.72684       0.76757       0.81199       0.86011    
    0.91190       0.96732        1.0262        1.0885        1.1538    
     1.2218        1.2920        1.3638        1.4365        1.5092    
     1.5810        1.6507        1.7171        1.7791        1.8354    
     1.8850        1.9267        1.9596        1.9830        1.9964    
     1.9996        1.9926        1.9757        1.9495        1.9149    
     1.8730        1.8249        1.7722        1.7162        1.6585    
     1.6005        1.5435        1.4889        1.4375        1.3903    
     1.3478        1.3103        1.2778        1.2504        1.2274    
     1.2084    
