    0.71333E-01   0.71342E-01   0.71367E-01   0.71399E-01   0.71413E-01
    0.71415E-01   0.71538E-01   0.71669E-01   0.71738E-01   0.71734E-01
    0.71740E-01   0.71772E-01   0.71678E-01   0.71513E-01   0.71294E-01
    0.70495E-01   0.70649E-01   0.70206E-01   0.69764E-01   0.69265E-01
    0.68738E-01   0.68232E-01   0.67847E-01   0.67241E-01   0.66829E-01
    0.66555E-01   0.66397E-01   0.66349E-01   0.66622E-01   0.67030E-01
    0.67682E-01   0.68570E-01   0.69809E-01   0.71497E-01   0.72973E-01
    0.74946E-01   0.77128E-01   0.79483E-01   0.81939E-01   0.84428E-01
    0.86894E-01   0.89252E-01   0.91414E-01   0.93296E-01   0.94824E-01
    0.95917E-01   0.96542E-01   0.96640E-01   0.96152E-01   0.95083E-01
    0.93421E-01   0.91190E-01   0.88435E-01   0.85215E-01   0.81615E-01
    0.77645E-01   0.73474E-01   0.69166E-01   0.64823E-01   0.60555E-01
    0.56434E-01
