    0.76356       0.76359       0.76380       0.76454       0.76637    
    0.77003       0.77635       0.78615       0.79983       0.81993    
    0.84794       0.88222       0.92405       0.97447        1.0496    
     1.1183        1.1977        1.2942        1.3931        1.4861    
     1.6049        1.7225        1.8579        2.0024        2.1359    
     2.2548        2.3788        2.5178        2.6189        2.7336    
     2.8373        2.9310        3.0336        3.1082        3.1701    
     3.2030        3.2267        3.2394        3.2116        3.2031    
     3.1724        3.1296        3.0742        3.0055        2.9308    
     2.8527        2.7685        2.6828        2.5962        2.5019    
     2.4065        2.3264        2.2405        2.1633        2.0824    
     2.0132        1.9500        1.8917        1.8341        1.7793    
     1.7328    
