    0.63340E-01   0.63347E-01   0.63368E-01   0.63400E-01   0.63441E-01
    0.63486E-01   0.63530E-01   0.63569E-01   0.63597E-01   0.63608E-01
    0.63597E-01   0.63559E-01   0.63492E-01   0.63393E-01   0.63263E-01
    0.63101E-01   0.62911E-01   0.62698E-01   0.62469E-01   0.62231E-01
    0.61996E-01   0.61774E-01   0.61579E-01   0.61426E-01   0.61330E-01
    0.61307E-01   0.61374E-01   0.61547E-01   0.61842E-01   0.62271E-01
    0.62848E-01   0.63581E-01   0.64473E-01   0.65524E-01   0.66726E-01
    0.68068E-01   0.69528E-01   0.71078E-01   0.72685E-01   0.74307E-01
    0.75898E-01   0.77406E-01   0.78778E-01   0.79960E-01   0.80898E-01
    0.81543E-01   0.81850E-01   0.81784E-01   0.81317E-01   0.80432E-01
    0.79127E-01   0.77407E-01   0.75296E-01   0.72824E-01   0.70036E-01
    0.66985E-01   0.63733E-01   0.60347E-01   0.56897E-01   0.53455E-01
    0.50091E-01
