    0.48968       0.49027       0.49208       0.49520       0.49980    
    0.50608       0.51432       0.52479       0.53758       0.55215    
    0.56975       0.59040       0.61498       0.64310       0.67507    
    0.71061       0.74829       0.79217       0.83538       0.88238    
    0.92915        1.0039        1.0613        1.1291        1.1957    
     1.2621        1.3346        1.4089        1.4845        1.5590    
     1.6318        1.7043        1.7747        1.8350        1.8910    
     1.9381        1.9827        2.0135        2.0364        2.0502    
     2.0508        2.0421        2.0234        1.9987        1.9620    
     1.9176        1.8669        1.8122        1.7559        1.6976    
     1.6387        1.5810        1.5251        1.4735        1.4253    
     1.3807        1.3418        1.3080        1.2786        1.2545    
     1.2343    
