    0.71513       0.71578       0.71761       0.72043       0.72414    
    0.72852       0.73314       0.73758       0.74126       0.74337    
    0.74302       0.73925       0.73104       0.71740       0.69756    
    0.67100       0.63780       0.59845       0.55418       0.50665    
    0.45800       0.41056       0.36636       0.32718       0.29391    
    0.26666       0.24504       0.22757       0.21284       0.19930    
    0.18582       0.17173       0.15689       0.14170       0.12675    
    0.11280       0.10041       0.89876E-01   0.81188E-01   0.74089E-01
    0.68117E-01   0.62780E-01   0.57690E-01   0.52598E-01   0.47447E-01
    0.42335E-01   0.37462E-01   0.33046E-01   0.29239E-01   0.26117E-01
    0.23639E-01   0.21672E-01   0.20036E-01   0.18552E-01   0.17080E-01
    0.15546E-01   0.13945E-01   0.12334E-01   0.10799E-01   0.94296E-02
    0.82886E-02
