    0.55805       0.55853       0.56002       0.56265       0.56663    
    0.57225       0.57983       0.58975       0.60238       0.61811    
    0.63729       0.66026       0.68731       0.71868       0.75456    
    0.79507       0.84029       0.89024       0.94487        1.0041    
     1.0676        1.1353        1.2068        1.2817        1.3594    
     1.4393        1.5208        1.6030        1.6851        1.7659    
     1.8444        1.9196        1.9901        2.0549        2.1127    
     2.1625        2.2033        2.2343        2.2548        2.2645    
     2.2632        2.2511        2.2287        2.1966        2.1557    
     2.1073        2.0527        1.9933        1.9307        1.8663    
     1.8016        1.7381        1.6768        1.6188        1.5648    
     1.5156        1.4713        1.4321        1.3979        1.3681    
     1.3425    
