    0.72199       0.72179       0.72130       0.72102       0.72217    
    0.72591       0.73276       0.74295       0.75666       0.77134    
    0.80219       0.83341       0.87516       0.91991       0.98165    
     1.0487        1.1212        1.2064        1.2967        1.3814    
     1.4899        1.5962        1.7238        1.8508        1.9706    
     2.0816        2.1978        2.3283        2.4221        2.5276    
     2.6278        2.7186        2.8016        2.8737        2.9379    
     2.9948        3.0202        3.0296        3.0139        3.0095    
     2.9851        2.9485        2.9046        2.8385        2.7703    
     2.7005        2.6260        2.5437        2.4617        2.3767    
     2.2900        2.2121        2.1309        2.0578        1.9844    
     1.9178        1.8597        1.8049        1.7518        1.7019    
     1.6593    
