    0.64282       0.64350       0.64554       0.64883       0.65330    
    0.65874       0.66492       0.67137       0.67762       0.68294    
    0.68646       0.68722       0.68403       0.67597       0.66198    
    0.64137       0.61394       0.57988       0.54018       0.49624    
    0.45013       0.40410       0.36042       0.32103       0.28722    
    0.25952       0.23750       0.22017       0.20607       0.19355    
    0.18133       0.16851       0.15478       0.14036       0.12582    
    0.11195       0.99390E-01   0.88610E-01   0.79729E-01   0.72538E-01
    0.66645E-01   0.61553E-01   0.56802E-01   0.52064E-01   0.47214E-01
    0.42301E-01   0.37495E-01   0.33031E-01   0.29108E-01   0.25844E-01
    0.23249E-01   0.21226E-01   0.19609E-01   0.18211E-01   0.16867E-01
    0.15470E-01   0.13986E-01   0.12447E-01   0.10932E-01   0.95326E-02
    0.83291E-02
