    0.65046E-01   0.65054E-01   0.65078E-01   0.65114E-01   0.65161E-01
    0.65212E-01   0.65264E-01   0.65309E-01   0.65342E-01   0.65356E-01
    0.65345E-01   0.65305E-01   0.65230E-01   0.65119E-01   0.64971E-01
    0.64785E-01   0.64566E-01   0.64318E-01   0.64047E-01   0.63763E-01
    0.63476E-01   0.63200E-01   0.62948E-01   0.62738E-01   0.62586E-01
    0.62511E-01   0.62531E-01   0.62666E-01   0.62933E-01   0.63348E-01
    0.63924E-01   0.64674E-01   0.65600E-01   0.66704E-01   0.67979E-01
    0.69411E-01   0.70978E-01   0.72650E-01   0.74389E-01   0.76151E-01
    0.77885E-01   0.79535E-01   0.81043E-01   0.82349E-01   0.83395E-01
    0.84129E-01   0.84501E-01   0.84473E-01   0.84016E-01   0.83114E-01
    0.81761E-01   0.79968E-01   0.77758E-01   0.75166E-01   0.72241E-01
    0.69040E-01   0.65630E-01   0.62083E-01   0.58474E-01   0.54881E-01
    0.51377E-01
