    0.43473E-01   0.43480E-01   0.43498E-01   0.43526E-01   0.43563E-01
    0.43603E-01   0.43644E-01   0.43679E-01   0.43705E-01   0.43716E-01
    0.43708E-01   0.43676E-01   0.43617E-01   0.43529E-01   0.43411E-01
    0.43265E-01   0.43091E-01   0.42895E-01   0.42682E-01   0.42459E-01
    0.42236E-01   0.42024E-01   0.41837E-01   0.41688E-01   0.41595E-01
    0.41574E-01   0.41644E-01   0.41823E-01   0.42130E-01   0.42582E-01
    0.43193E-01   0.43976E-01   0.44940E-01   0.46086E-01   0.47412E-01
    0.48908E-01   0.50554E-01   0.52327E-01   0.54191E-01   0.56107E-01
    0.58027E-01   0.59897E-01   0.61664E-01   0.63269E-01   0.64657E-01
    0.65774E-01   0.66574E-01   0.67016E-01   0.67071E-01   0.66720E-01
    0.65955E-01   0.64785E-01   0.63226E-01   0.61312E-01   0.59085E-01
    0.56597E-01   0.53909E-01   0.51087E-01   0.48201E-01   0.45319E-01
    0.42511E-01
