    0.77334       0.77385       0.77533       0.77765       0.78059    
    0.78385       0.78702       0.78953       0.79083       0.79000    
    0.78623       0.77849       0.76593       0.74762       0.72296    
    0.69165       0.65392       0.61060       0.56302       0.51298    
    0.46277       0.41449       0.37022       0.33139       0.29865    
    0.27196       0.25041       0.23274       0.21745       0.20304    
    0.18858       0.17356       0.15798       0.14231       0.12719    
    0.11329       0.10107       0.90754E-01   0.82222E-01   0.75150E-01
    0.69076E-01   0.63524E-01   0.58168E-01   0.52817E-01   0.47470E-01
    0.42252E-01   0.37370E-01   0.33021E-01   0.29326E-01   0.26315E-01
    0.23914E-01   0.21969E-01   0.20298E-01   0.18733E-01   0.17156E-01
    0.15521E-01   0.13844E-01   0.12198E-01   0.10670E-01   0.93411E-02
    0.82592E-02
