    0.43112E-01   0.43118E-01   0.43134E-01   0.43160E-01   0.43192E-01
    0.43228E-01   0.43263E-01   0.43294E-01   0.43315E-01   0.43322E-01
    0.43310E-01   0.43277E-01   0.43219E-01   0.43134E-01   0.43023E-01
    0.42885E-01   0.42723E-01   0.42541E-01   0.42346E-01   0.42143E-01
    0.41942E-01   0.41754E-01   0.41590E-01   0.41466E-01   0.41394E-01
    0.41393E-01   0.41477E-01   0.41665E-01   0.41973E-01   0.42417E-01
    0.43010E-01   0.43764E-01   0.44687E-01   0.45779E-01   0.47040E-01
    0.48457E-01   0.50016E-01   0.51691E-01   0.53451E-01   0.55258E-01
    0.57067E-01   0.58830E-01   0.60493E-01   0.62003E-01   0.63308E-01
    0.64356E-01   0.65103E-01   0.65510E-01   0.65550E-01   0.65203E-01
    0.64463E-01   0.63335E-01   0.61836E-01   0.59995E-01   0.57853E-01
    0.55460E-01   0.52871E-01   0.50150E-01   0.47363E-01   0.44576E-01
    0.41855E-01
