    0.44666E-01   0.44676E-01   0.44705E-01   0.44751E-01   0.44810E-01
    0.44877E-01   0.44947E-01   0.45013E-01   0.45068E-01   0.45103E-01
    0.45114E-01   0.45092E-01   0.45033E-01   0.44933E-01   0.44789E-01
    0.44601E-01   0.44371E-01   0.44103E-01   0.43804E-01   0.43484E-01
    0.43155E-01   0.42833E-01   0.42534E-01   0.42280E-01   0.42093E-01
    0.41998E-01   0.42020E-01   0.42187E-01   0.42523E-01   0.43054E-01
    0.43800E-01   0.44779E-01   0.46001E-01   0.47470E-01   0.49180E-01
    0.51118E-01   0.53257E-01   0.55563E-01   0.57988E-01   0.60478E-01
    0.62969E-01   0.65391E-01   0.67673E-01   0.69740E-01   0.71522E-01
    0.72952E-01   0.73973E-01   0.74537E-01   0.74612E-01   0.74179E-01
    0.73234E-01   0.71792E-01   0.69883E-01   0.67552E-01   0.64856E-01
    0.61866E-01   0.58659E-01   0.55320E-01   0.51934E-01   0.48587E-01
    0.45360E-01
