    0.42856E-01   0.42862E-01   0.42877E-01   0.42901E-01   0.42930E-01
    0.42963E-01   0.42995E-01   0.43022E-01   0.43040E-01   0.43045E-01
    0.43031E-01   0.42997E-01   0.42940E-01   0.42858E-01   0.42750E-01
    0.42618E-01   0.42464E-01   0.42292E-01   0.42107E-01   0.41917E-01
    0.41731E-01   0.41558E-01   0.41411E-01   0.41302E-01   0.41245E-01
    0.41256E-01   0.41351E-01   0.41546E-01   0.41856E-01   0.42296E-01
    0.42879E-01   0.43617E-01   0.44514E-01   0.45574E-01   0.46794E-01
    0.48163E-01   0.49666E-01   0.51280E-01   0.52974E-01   0.54711E-01
    0.56450E-01   0.58143E-01   0.59740E-01   0.61188E-01   0.62437E-01
    0.63439E-01   0.64151E-01   0.64534E-01   0.64562E-01   0.64216E-01
    0.63490E-01   0.62387E-01   0.60924E-01   0.59129E-01   0.57041E-01
    0.54707E-01   0.52182E-01   0.49526E-01   0.46803E-01   0.44077E-01
    0.41413E-01
