    0.64869E-01   0.64871E-01   0.64872E-01   0.64859E-01   0.64823E-01
    0.64856E-01   0.64944E-01   0.65009E-01   0.65037E-01   0.65032E-01
    0.65025E-01   0.65013E-01   0.64942E-01   0.64826E-01   0.64685E-01
    0.64329E-01   0.64278E-01   0.64018E-01   0.63769E-01   0.63493E-01
    0.63211E-01   0.62955E-01   0.62679E-01   0.62490E-01   0.62346E-01
    0.62285E-01   0.62310E-01   0.62428E-01   0.62735E-01   0.63141E-01
    0.63713E-01   0.64456E-01   0.65378E-01   0.66466E-01   0.67730E-01
    0.69144E-01   0.70694E-01   0.72363E-01   0.74080E-01   0.75821E-01
    0.77539E-01   0.79170E-01   0.80646E-01   0.81935E-01   0.82963E-01
    0.83669E-01   0.84042E-01   0.84017E-01   0.83563E-01   0.82663E-01
    0.81320E-01   0.79536E-01   0.77344E-01   0.74777E-01   0.71891E-01
    0.68704E-01   0.65324E-01   0.61805E-01   0.58218E-01   0.54657E-01
    0.51178E-01
