    0.43775       0.43822       0.43966       0.44209       0.44556    
    0.45014       0.45591       0.46299       0.47150       0.48157    
    0.49336       0.50704       0.52277       0.54074       0.56114    
    0.58417       0.61004       0.63894       0.67107       0.70664    
    0.74580       0.78870       0.83543       0.88600       0.94033    
    0.99824        1.0594        1.1233        1.1894        1.2567    
     1.3244        1.3912        1.4560        1.5174        1.5741    
     1.6247        1.6680        1.7029        1.7284        1.7439    
     1.7490        1.7435        1.7278        1.7024        1.6680    
     1.6259        1.5774        1.5240        1.4673        1.4089    
     1.3505        1.2935        1.2395        1.1895        1.1445    
     1.1051        1.0718        1.0446        1.0234        1.0077    
    0.99687    
