    0.66232E-01   0.66241E-01   0.66266E-01   0.66307E-01   0.66358E-01
    0.66415E-01   0.66472E-01   0.66522E-01   0.66560E-01   0.66577E-01
    0.66567E-01   0.66524E-01   0.66444E-01   0.66324E-01   0.66163E-01
    0.65960E-01   0.65718E-01   0.65443E-01   0.65141E-01   0.64821E-01
    0.64496E-01   0.64179E-01   0.63886E-01   0.63633E-01   0.63440E-01
    0.63327E-01   0.63314E-01   0.63422E-01   0.63671E-01   0.64078E-01
    0.64658E-01   0.65424E-01   0.66382E-01   0.67531E-01   0.68865E-01
    0.70370E-01   0.72022E-01   0.73789E-01   0.75632E-01   0.77503E-01
    0.79347E-01   0.81105E-01   0.82715E-01   0.84114E-01   0.85240E-01
    0.86038E-01   0.86456E-01   0.86454E-01   0.86001E-01   0.85080E-01
    0.83688E-01   0.81835E-01   0.79547E-01   0.76862E-01   0.73831E-01
    0.70516E-01   0.66986E-01   0.63318E-01   0.59592E-01   0.55887E-01
    0.52281E-01
