    0.37615       0.37669       0.37832       0.38107       0.38502    
    0.39024       0.39683       0.40493       0.41466       0.42617    
    0.43960       0.45511       0.47285       0.49300       0.51571    
    0.54114       0.56947       0.60088       0.63552       0.67357    
    0.71518       0.76046       0.80951       0.86233       0.91888    
    0.97899        1.0424        1.1086        1.1772        1.2472    
     1.3179        1.3882        1.4569        1.5227        1.5843    
     1.6402        1.6894        1.7304        1.7625        1.7847    
     1.7965        1.7978        1.7887        1.7695        1.7411    
     1.7044        1.6607        1.6114        1.5581        1.5023    
     1.4457        1.3898        1.3359        1.2853        1.2388    
     1.1972        1.1609        1.1301        1.1045        1.0840    
     1.0679    
