    0.75402E-01   0.75425E-01   0.75494E-01   0.75599E-01   0.75718E-01
    0.75842E-01   0.76072E-01   0.76371E-01   0.76593E-01   0.76630E-01
    0.76756E-01   0.76999E-01   0.76972E-01   0.76839E-01   0.76602E-01
    0.75189E-01   0.75737E-01   0.75230E-01   0.74570E-01   0.73843E-01
    0.73059E-01   0.72302E-01   0.72280E-01   0.70878E-01   0.70148E-01
    0.69714E-01   0.69486E-01   0.69392E-01   0.69822E-01   0.70485E-01
    0.71503E-01   0.72894E-01   0.74763E-01   0.77014E-01   0.79632E-01
    0.82563E-01   0.85806E-01   0.89276E-01   0.92747E-01   0.96409E-01
    0.99993E-01   0.10341       0.10635       0.10894       0.11098    
    0.11239       0.11311       0.11311       0.11230       0.11072    
    0.10836       0.10529       0.10156       0.97274E-01   0.92608E-01
    0.87487E-01   0.82224E-01   0.76877E-01   0.71568E-01   0.66476E-01
    0.61651E-01
