    0.62975       0.63006       0.63107       0.63298       0.63611    
    0.64088       0.64781       0.65744       0.67035       0.68712    
    0.70828       0.73433       0.76569       0.80269       0.84557    
    0.89448       0.94946        1.0104        1.0772        1.1496    
     1.2270        1.3091        1.3953        1.4847        1.5767    
     1.6703        1.7645        1.8582        1.9504        2.0399    
     2.1254        2.2058        2.2799        2.3465        2.4045    
     2.4530        2.4910        2.5180        2.5335        2.5373    
     2.5295        2.5104        2.4805        2.4407        2.3921    
     2.3360        2.2737        2.2067        2.1366        2.0650    
     1.9932        1.9226        1.8544        1.7895        1.7289    
     1.6729        1.6219        1.5761        1.5352        1.4989    
     1.4668    
