    0.60670       0.60707       0.60823       0.61037       0.61377    
    0.61881       0.62593       0.63564       0.64842       0.66481    
    0.68527       0.71025       0.74011       0.77517       0.81564    
    0.86167       0.91330       0.97049        1.0331        1.1009    
     1.1737        1.2508        1.3320        1.4164        1.5035    
     1.5924        1.6823        1.7721        1.8608        1.9473    
     2.0305        2.1091        2.1820        2.2480        2.3060    
     2.3549        2.3940        2.4224        2.4397        2.4456    
     2.4401        2.4234        2.3962        2.3591        2.3133    
     2.2599        2.2003        2.1360        2.0686        1.9995    
     1.9302        1.8620        1.7962        1.7337        1.6753    
     1.6216        1.5729        1.5292        1.4905        1.4564    
     1.4264    
