    0.74544E-01   0.74565E-01   0.74628E-01   0.74728E-01   0.74858E-01
    0.75008E-01   0.75168E-01   0.75323E-01   0.75459E-01   0.75562E-01
    0.75616E-01   0.75609E-01   0.75528E-01   0.75364E-01   0.75110E-01
    0.74765E-01   0.74328E-01   0.73807E-01   0.73213E-01   0.72562E-01
    0.71874E-01   0.71178E-01   0.70503E-01   0.69885E-01   0.69363E-01
    0.68978E-01   0.68772E-01   0.68789E-01   0.69069E-01   0.69649E-01
    0.70558E-01   0.71820E-01   0.73445E-01   0.75433E-01   0.77769E-01
    0.80424E-01   0.83351E-01   0.86489E-01   0.89764E-01   0.93088E-01
    0.96363E-01   0.99485E-01   0.10235       0.10485       0.10689    
    0.10837       0.10923       0.10941       0.10886       0.10759    
    0.10558       0.10289       0.99562E-01   0.95670E-01   0.91309E-01
    0.86586E-01   0.81617E-01   0.76523E-01   0.71427E-01   0.66449E-01
    0.61700E-01
