    0.40364       0.40414       0.40565       0.40824       0.41200    
    0.41704       0.42352       0.43161       0.44149       0.45336    
    0.46741       0.48384       0.50283       0.52457       0.54923    
    0.57699       0.60799       0.64240       0.68035       0.72196    
    0.76734       0.81655       0.86960       0.92645       0.98696    
     1.0509        1.1179        1.1876        1.2592        1.3320    
     1.4051        1.4774        1.5477        1.6146        1.6770    
     1.7335        1.7828        1.8238        1.8555        1.8772    
     1.8884        1.8889        1.8789        1.8588        1.8293    
     1.7915        1.7466        1.6960        1.6414        1.5842    
     1.5260        1.4684        1.4127        1.3600        1.3113    
     1.2674        1.2286        1.1952        1.1670        1.1437    
     1.1248    
