    0.56636       0.56656       0.56718       0.56832       0.57016    
    0.57292       0.57686       0.58231       0.58960       0.59911    
    0.61121       0.62625       0.64459       0.66654       0.69239    
    0.72236       0.75665       0.79539       0.83865       0.88645    
    0.93873       0.99538        1.0562        1.1209        1.1891    
     1.2603        1.3340        1.4092        1.4853        1.5612    
     1.6358        1.7080        1.7764        1.8399        1.8971    
     1.9470        1.9883        2.0203        2.0421        2.0533    
     2.0537        2.0435        2.0228        1.9924        1.9533    
     1.9064        1.8532        1.7952        1.7337        1.6705    
     1.6071        1.5448        1.4851        1.4289        1.3772    
     1.3307        1.2896        1.2543        1.2245        1.1999    
     1.1800    
