    0.44456E-01   0.44465E-01   0.44491E-01   0.44532E-01   0.44585E-01
    0.44645E-01   0.44706E-01   0.44764E-01   0.44810E-01   0.44839E-01
    0.44843E-01   0.44818E-01   0.44758E-01   0.44660E-01   0.44521E-01
    0.44343E-01   0.44126E-01   0.43876E-01   0.43598E-01   0.43301E-01
    0.42997E-01   0.42701E-01   0.42429E-01   0.42199E-01   0.42032E-01
    0.41952E-01   0.41982E-01   0.42147E-01   0.42470E-01   0.42975E-01
    0.43680E-01   0.44602E-01   0.45751E-01   0.47131E-01   0.48737E-01
    0.50556E-01   0.52565E-01   0.54730E-01   0.57010E-01   0.59352E-01
    0.61697E-01   0.63981E-01   0.66135E-01   0.68089E-01   0.69776E-01
    0.71134E-01   0.72107E-01   0.72649E-01   0.72728E-01   0.72324E-01
    0.71434E-01   0.70069E-01   0.68256E-01   0.66036E-01   0.63464E-01
    0.60604E-01   0.57530E-01   0.54322E-01   0.51061E-01   0.47829E-01
    0.44704E-01
