    0.70095E-01   0.70106E-01   0.70141E-01   0.70195E-01   0.70263E-01
    0.70341E-01   0.70420E-01   0.70491E-01   0.70546E-01   0.70576E-01
    0.70571E-01   0.70523E-01   0.70425E-01   0.70272E-01   0.70061E-01
    0.69792E-01   0.69466E-01   0.69088E-01   0.68667E-01   0.68214E-01
    0.67743E-01   0.67272E-01   0.66820E-01   0.66411E-01   0.66069E-01
    0.65822E-01   0.65697E-01   0.65721E-01   0.65922E-01   0.66323E-01
    0.66945E-01   0.67805E-01   0.68910E-01   0.70262E-01   0.71853E-01
    0.73664E-01   0.75665E-01   0.77818E-01   0.80071E-01   0.82365E-01
    0.84632E-01   0.86799E-01   0.88791E-01   0.90530E-01   0.91942E-01
    0.92961E-01   0.93528E-01   0.93595E-01   0.93129E-01   0.92113E-01
    0.90546E-01   0.88445E-01   0.85845E-01   0.82793E-01   0.79354E-01
    0.75604E-01   0.71627E-01   0.67514E-01   0.63358E-01   0.59252E-01
    0.55285E-01
