    0.57656       0.57673       0.57727       0.57830       0.57998    
    0.58256       0.58633       0.59163       0.59881       0.60828    
    0.62042       0.63561       0.65423       0.67660       0.70301    
    0.73370       0.76886       0.80861       0.85302       0.90208    
    0.95572        1.0138        1.0761        1.1422        1.2119    
     1.2845        1.3594        1.4358        1.5129        1.5897    
     1.6650        1.7377        1.8065        1.8702        1.9275    
     1.9772        2.0183        2.0499        2.0713        2.0820    
     2.0819        2.0710        2.0498        2.0188        1.9790    
     1.9316        1.8778        1.8192        1.7572        1.6934    
     1.6294        1.5665        1.5062        1.4494        1.3970    
     1.3498        1.3081        1.2720        1.2414        1.2160    
     1.1953    
