    0.60014E-01   0.60020E-01   0.60036E-01   0.60061E-01   0.60093E-01
    0.60127E-01   0.60161E-01   0.60190E-01   0.60210E-01   0.60216E-01
    0.60204E-01   0.60172E-01   0.60117E-01   0.60038E-01   0.59937E-01
    0.59814E-01   0.59672E-01   0.59518E-01   0.59357E-01   0.59197E-01
    0.59047E-01   0.58917E-01   0.58819E-01   0.58764E-01   0.58765E-01
    0.58834E-01   0.58986E-01   0.59231E-01   0.59583E-01   0.60050E-01
    0.60641E-01   0.61360E-01   0.62211E-01   0.63189E-01   0.64289E-01
    0.65497E-01   0.66794E-01   0.68158E-01   0.69557E-01   0.70957E-01
    0.72317E-01   0.73594E-01   0.74743E-01   0.75718E-01   0.76472E-01
    0.76964E-01   0.77155E-01   0.77015E-01   0.76519E-01   0.75655E-01
    0.74416E-01   0.72810E-01   0.70855E-01   0.68577E-01   0.66015E-01
    0.63214E-01   0.60228E-01   0.57115E-01   0.53938E-01   0.50759E-01
    0.47643E-01
