POSITION sPOSITION WIDTH sWIDTH HEIGHT sHEIGHT AREA sAREA CENTROID sCENTROID ENERGY sENERGY A sA B sB C sC R sR BETA sBETA S sS
64.0147190197336 0.991434427729368 6.90521259666792 1.1496539386953601 0.0 0.0 87.9830208303525 11.9268931739241 0.0 0.0 0.0 0.0 0.0 0.0 0.0 0.0 0.0 0.0 43.8331673677697 0.0 10.4802138694367 0.0 0.0 0.0
89.435881095284 1.00049224394828 12.0 0.893230674794173 0.0 0.0 97.1118659671206 16.4895953622482 0.0 0.0 0.0 0.0 0.0 0.0 0.0 0.0 0.0 0.0 43.8331673677697 0.0 10.4802138694367 0.0 0.0 0.0
128.845040443295 0.9998238590094809 12.0 0.893230674794173 0.0 0.0 90.6158130314458 13.4164228759351 0.0 0.0 0.0 0.0 0.0 0.0 0.0 0.0 0.0 0.0 43.8331673677697 0.0 10.4802138694367 0.0 0.0 0.0
171.996447798006 0.998719576870795 12.0 0.893230674794173 0.0 0.0 116.71546308336399 13.3352132196124 0.0 0.0 0.0 0.0 0.0 0.0 0.0 0.0 0.0 0.0 43.8331673677697 0.0 10.4802138694367 0.0 0.0 0.0
209.77305542717602 2.47690581129546 12.0 2.60563123534938 0.0 0.0 70.9468700939357 16.879852796895097 0.0 0.0 0.0 0.0 0.0 0.0 0.0 0.0 0.0 0.0 43.8331673677697 0.0 10.4802138694367 0.0 0.0 0.0
244.890578180693 1.11396531578186 12.0 2.60563123534938 0.0 0.0 98.1045157382984 13.006182318285802 0.0 0.0 0.0 0.0 0.0 0.0 0.0 0.0 0.0 0.0 43.8331673677697 0.0 10.4802138694367 0.0 0.0 0.0
435.281315452248 1.00314379835141 12.0 8.00465117254133 0.0 0.0 110.74321350340901 40.0805689600456 0.0 0.0 0.0 0.0 0.0 0.0 0.0 0.0 0.0 0.0 43.8331673677697 0.0 10.4802138694367 0.0 0.0 0.0
603.997482967843 1.16262071195972 12.0 2.45607154868688 0.0 0.0 111.09766484656001 13.766465087652099 0.0 0.0 0.0 0.0 0.0 0.0 0.0 0.0 0.0 0.0 43.8331673677697 0.0 10.4802138694367 0.0 0.0 0.0
647.2305401377449 0.9964113308733571 12.0 2.85196000877778 0.0 0.0 98.9733518561989 18.0870816137179 0.0 0.0 0.0 0.0 0.0 0.0 0.0 0.0 0.0 0.0 43.8331673677697 0.0 10.4802138694367 0.0 0.0 0.0
763.323983114073 1.0059694407450201 5.31529958588128 0.811533257235176 0.0 0.0 99.785448614071 12.4013043898699 0.0 0.0 0.0 0.0 0.0 0.0 0.0 0.0 0.0 0.0 43.8331673677697 0.0 10.4802138694367 0.0 0.0 0.0
787.6154450839481 1.00304374466629 5.31529958588128 0.811533257235176 0.0 0.0 57.5111178267322 10.0926406290049 0.0 0.0 0.0 0.0 0.0 0.0 0.0 0.0 0.0 0.0 43.8331673677697 0.0 10.4802138694367 0.0 0.0 0.0
814.45827615265 1.01017046153389 5.31529958588128 0.811533257235176 0.0 0.0 81.1999204772305 13.936046048167 0.0 0.0 0.0 0.0 0.0 0.0 0.0 0.0 0.0 0.0 43.8331673677697 0.0 10.4802138694367 0.0 0.0 0.0
834.497870347126 1.01077644937032 5.31529958588128 0.811533257235176 0.0 0.0 82.57186537558592 12.0957373055117 0.0 0.0 0.0 0.0 0.0 0.0 0.0 0.0 0.0 0.0 43.8331673677697 0.0 10.4802138694367 0.0 0.0 0.0
886.1635928590491 1.00045474765861 12.0 1.49958209925569 0.0 0.0 152.646903793489 15.0486724821122 0.0 0.0 0.0 0.0 0.0 0.0 0.0 0.0 0.0 0.0 43.8331673677697 0.0 10.4802138694367 0.0 0.0 0.0
930.3123394538901 1.00062999441039 12.0 1.49958209925569 0.0 0.0 85.35150207836841 17.0026102117779 0.0 0.0 0.0 0.0 0.0 0.0 0.0 0.0 0.0 0.0 43.8331673677697 0.0 10.4802138694367 0.0 0.0 0.0
965.335272912266 1.0010482108615 12.0 1.49958209925569 0.0 0.0 68.2405604717999 16.7109749110097 0.0 0.0 0.0 0.0 0.0 0.0 0.0 0.0 0.0 0.0 43.8331673677697 0.0 10.4802138694367 0.0 0.0 0.0
994.4538944144699 1.0007859767047 12.0 1.49958209925569 0.0 0.0 211.29652572857898 20.6741256578484 0.0 0.0 0.0 0.0 0.0 0.0 0.0 0.0 0.0 0.0 43.8331673677697 0.0 10.4802138694367 0.0 0.0 0.0
1055.8626842675 1.02954516890069 9.02146643906274 1.0433985142514102 0.0 0.0 181.95923743087897 15.3389813036039 0.0 0.0 0.0 0.0 0.0 0.0 0.0 0.0 0.0 0.0 43.8331673677697 0.0 10.4802138694367 0.0 0.0 0.0
1091.16203016129 0.9982012037311809 9.02146643906274 1.0433985142514102 0.0 0.0 100.95840000634001 12.830109579363599 0.0 0.0 0.0 0.0 0.0 0.0 0.0 0.0 0.0 0.0 43.8331673677697 0.0 10.4802138694367 0.0 0.0 0.0
1118.05148818707 1.01929764793502 9.02146643906274 1.0433985142514102 0.0 0.0 60.5385832558852 10.710026372237099 0.0 0.0 0.0 0.0 0.0 0.0 0.0 0.0 0.0 0.0 43.8331673677697 0.0 10.4802138694367 0.0 0.0 0.0
1149.9659378937802 1.99096723763523 12.0 4.36407620100871 0.0 0.0 93.31884803217889 16.001401035806698 0.0 0.0 0.0 0.0 0.0 0.0 0.0 0.0 0.0 0.0 43.8331673677697 0.0 10.4802138694367 0.0 0.0 0.0
0.0 0.0 0.0 0.0 0.0 0.0 0.0 0.0 0.0 0.0 0.0 0.0 0.0 0.0 0.0 0.0 0.0 0.0 0.0 0.0 0.0 0.0 0.0 0.0
1286.74096426681 1.00379854645798 12.0 1.96611333797881 0.0 0.0 192.09058202185398 23.9592293726121 0.0 0.0 0.0 0.0 0.0 0.0 0.0 0.0 0.0 0.0 43.8331673677697 0.0 10.4802138694367 0.0 0.0 0.0
1314.3344432383 0.996646067519515 12.0 1.96611333797881 0.0 0.0 53.036872357834206 18.0797364296945 0.0 0.0 0.0 0.0 0.0 0.0 0.0 0.0 0.0 0.0 43.8331673677697 0.0 10.4802138694367 0.0 0.0 0.0
1350.05154967874 0.999808271432279 12.0 1.96611333797881 0.0 0.0 57.8638170507341 13.989752320000699 0.0 0.0 0.0 0.0 0.0 0.0 0.0 0.0 0.0 0.0 43.8331673677697 0.0 10.4802138694367 0.0 0.0 0.0
1415.8749971346099 0.38345961255081396 4.84476961563747 0.358376926637881 0.0 0.0 513.1471185966919 23.937693407940397 0.0 0.0 0.0 0.0 0.0 0.0 0.0 0.0 0.0 0.0 43.8331673677697 0.0 10.4802138694367 0.0 0.0 0.0
1496.00269095964 0.920901003570428 4.84476961563747 0.358376926637881 0.0 0.0 110.02918474168001 10.7857131527196 0.0 0.0 0.0 0.0 0.0 0.0 0.0 0.0 0.0 0.0 43.8331673677697 0.0 10.4802138694367 0.0 0.0 0.0
1526.55032004374 1.1453216993601 4.61890054400519 0.542659473514252 0.0 0.0 74.03546860410209 13.7010620564138 0.0 0.0 0.0 0.0 0.0 0.0 0.0 0.0 0.0 0.0 43.8331673677697 0.0 10.4802138694367 0.0 0.0 0.0
1552.54799623618 0.9642348292173379 4.61890054400519 0.542659473514252 0.0 0.0 103.86072715884 13.644545665251998 0.0 0.0 0.0 0.0 0.0 0.0 0.0 0.0 0.0 0.0 43.8331673677697 0.0 10.4802138694367 0.0 0.0 0.0
1586.49974709918 1.0239378739490501 4.61890054400519 0.542659473514252 0.0 0.0 87.02796504087601 15.527897967517 0.0 0.0 0.0 0.0 0.0 0.0 0.0 0.0 0.0 0.0 43.8331673677697 0.0 10.4802138694367 0.0 0.0 0.0
1609.18606189029 0.724247574630402 4.61890054400519 0.542659473514252 0.0 0.0 390.58002040358497 27.1784529084135 0.0 0.0 0.0 0.0 0.0 0.0 0.0 0.0 0.0 0.0 43.8331673677697 0.0 10.4802138694367 0.0 0.0 0.0
1629.12241504194 0.704470592854 4.61890054400519 0.542659473514252 0.0 0.0 290.881746854952 20.6110173885617 0.0 0.0 0.0 0.0 0.0 0.0 0.0 0.0 0.0 0.0 43.8331673677697 0.0 10.4802138694367 0.0 0.0 0.0
1711.92786164579 0.976544772921897 12.0 5.42913185511754 0.0 0.0 77.9508871855317 25.938163651321897 0.0 0.0 0.0 0.0 0.0 0.0 0.0 0.0 0.0 0.0 43.8331673677697 0.0 10.4802138694367 0.0 0.0 0.0
1808.5193358493698 0.692449005222728 3.9222779706860798 0.345983633379516 0.0 0.0 579.1021268779181 25.3205552420215 0.0 0.0 0.0 0.0 0.0 0.0 0.0 0.0 0.0 0.0 43.8331673677697 0.0 10.4802138694367 0.0 0.0 0.0
1852.0118963769198 0.738567813232478 3.9222779706860798 0.345983633379516 0.0 0.0 606.570941717051 28.492104808481002 0.0 0.0 0.0 0.0 0.0 0.0 0.0 0.0 0.0 0.0 43.8331673677697 0.0 10.4802138694367 0.0 0.0 0.0
1888.9238033898898 1.0 3.9222779706860798 0.345983633379516 0.0 0.0 66.5465384715693 12.7045044500136 0.0 0.0 0.0 0.0 0.0 0.0 0.0 0.0 0.0 0.0 43.8331673677697 0.0 10.4802138694367 0.0 0.0 0.0
1952.3848262964002 0.600477991199381 3.9222779706860798 0.345983633379516 0.0 0.0 271.00885418348497 31.4558593523118 0.0 0.0 0.0 0.0 0.0 0.0 0.0 0.0 0.0 0.0 43.8331673677697 0.0 10.4802138694367 0.0 0.0 0.0
2035.0 3.0 4.4 0.2 0.0 0.0 198.0 35.0 0.0 0.0 0.0 0.0 0.0 0.0 0.0 0.0 0.0 0.0 50.0 0.0 10.0 0.0 0.0 0.0
2053.2 0.3 4.4 0.2 0.0 0.0 2829.0 68.0 0.0 0.0 0.0 0.0 0.0 0.0 0.0 0.0 0.0 0.0 50.0 0.0 10.0 0.0 0.0 0.0
2101.0 3.0 5.6 0.4 0.0 0.0 122.0 26.0 0.0 0.0 0.0 0.0 0.0 0.0 0.0 0.0 0.0 0.0 50.0 0.0 10.0 0.0 0.0 0.0
2136.5 0.3 5.6 0.4 0.0 0.0 1402.0 38.0 0.0 0.0 0.0 0.0 0.0 0.0 0.0 0.0 0.0 0.0 50.0 0.0 10.0 0.0 0.0 0.0
2237.1359617833605 1.0 5.2925268731068895 0.435270712349011 0.0 0.0 514.977177968074 71.8476317280912 0.0 0.0 0.0 0.0 0.0 0.0 0.0 0.0 0.0 0.0 43.8331673677697 0.0 10.4802138694367 0.0 0.0 0.0
2274.8844393286104 0.792140666310262 5.2925268731068895 0.435270712349011 0.0 0.0 9958.18171461703 345.63732944100406 0.0 0.0 0.0 0.0 0.0 0.0 0.0 0.0 0.0 0.0 43.8331673677697 0.0 10.4802138694367 0.0 0.0 0.0
2416.4887169542003 0.945774974094259 5.0869299732206 1.0949047055241 0.0 0.0 99.0243158290395 10.5571349197598 0.0 0.0 0.0 0.0 0.0 0.0 0.0 0.0 0.0 0.0 43.8331673677697 0.0 10.4802138694367 0.0 0.0 0.0
