    0.41600E-01   0.41603E-01   0.41614E-01   0.41630E-01   0.41649E-01
    0.41670E-01   0.41689E-01   0.41703E-01   0.41709E-01   0.41702E-01
    0.41682E-01   0.41644E-01   0.41589E-01   0.41514E-01   0.41421E-01
    0.41311E-01   0.41188E-01   0.41054E-01   0.40915E-01   0.40778E-01
    0.40651E-01   0.40542E-01   0.40460E-01   0.40417E-01   0.40424E-01
    0.40493E-01   0.40636E-01   0.40866E-01   0.41194E-01   0.41631E-01
    0.42187E-01   0.42869E-01   0.43682E-01   0.44625E-01   0.45696E-01
    0.46885E-01   0.48179E-01   0.49559E-01   0.50998E-01   0.52465E-01
    0.53927E-01   0.55342E-01   0.56670E-01   0.57867E-01   0.58890E-01
    0.59698E-01   0.60254E-01   0.60527E-01   0.60493E-01   0.60135E-01
    0.59447E-01   0.58431E-01   0.57100E-01   0.55478E-01   0.53595E-01
    0.51493E-01   0.49217E-01   0.46819E-01   0.44355E-01   0.41881E-01
    0.39452E-01
