    0.80054       0.80060       0.80088       0.80174       0.80375    
    0.80763       0.81426       0.82452       0.83880       0.86321    
    0.89047       0.92573       0.97120        1.0256        1.1133    
     1.1826        1.2739        1.3645        1.4757        1.5848    
     1.7129        1.8412        1.9919        2.1436        2.2856    
     2.4149        2.5474        2.7083        2.8001        2.9265    
     3.0305        3.1277        3.2358        3.3046        3.3648    
     3.3964        3.4182        3.4302        3.3930        3.3809    
     3.3475        3.2953        3.2317        3.1557        3.0759    
     2.9901        2.8979        2.8084        2.7160        2.6148    
     2.5223        2.4291        2.3383        2.2555        2.1732    
     2.0977        2.0301        1.9685        1.9069        1.8474    
     1.7968    
