    0.74932       0.74932       0.74944       0.75006       0.75177    
    0.75535       0.76162       0.77136       0.78492       0.80310    
    0.83193       0.86482       0.90626       0.95549        1.0255    
     1.0937        1.1707        1.2627        1.3591        1.4508    
     1.5646        1.6778        1.8133        1.9490        2.0779    
     2.1941        2.3150        2.4501        2.5498        2.6609    
     2.7639        2.8565        2.9601        3.0079        3.0973    
     3.1301        3.1544        3.1666        3.1428        3.1357    
     3.1074        3.0667        3.0160        2.9478        2.8756    
     2.8001        2.7195        2.6349        2.5501        2.4589    
     2.3661        2.2873        2.2030        2.1272        2.0487    
     1.9809        1.9193        1.8623        1.8063        1.7531    
     1.7080    
