    0.33604       0.33688       0.33944       0.34394       0.35071    
    0.35764       0.36530       0.37500       0.38515       0.39756    
    0.41050       0.42565       0.44165       0.46028       0.48116    
    0.50245       0.52560       0.55137       0.58001       0.61141    
    0.64732       0.68827       0.72787       0.77274       0.82278    
    0.87726       0.93453       0.99656        1.0569        1.1224    
     1.1881        1.2528        1.3195        1.3825        1.4397    
     1.4939        1.5391        1.5782        1.6079        1.6285    
     1.6390        1.6389        1.6340        1.6084        1.5797    
     1.5438        1.5006        1.4533        1.4015        1.3480    
     1.2944        1.2413        1.1910        1.1454        1.1031    
     1.0658        1.0350        1.0107       0.99213       0.98006    
    0.96962    
