    0.47535       0.47597       0.47786       0.48109       0.48582    
    0.49224       0.50059       0.51113       0.52400       0.53844    
    0.55571       0.57596       0.59983       0.62731       0.65776    
    0.69221       0.72827       0.76947       0.81106       0.85884    
    0.90340       0.97015        1.0337        1.0942        1.1596    
     1.2231        1.2938        1.3663        1.4404        1.5136    
     1.5856        1.6560        1.7261        1.7832        1.8429    
     1.8895        1.9350        1.9664        1.9902        2.0054    
     2.0059        1.9977        1.9804        1.9565        1.9200    
     1.8771        1.8278        1.7739        1.7183        1.6608    
     1.6029        1.5460        1.4910        1.4401        1.3932    
     1.3498        1.3121        1.2795        1.2513        1.2287    
     1.2095    
