    0.59559E-01   0.59557E-01   0.59550E-01   0.59545E-01   0.59564E-01
    0.59614E-01   0.59667E-01   0.59707E-01   0.59722E-01   0.59716E-01
    0.59710E-01   0.59692E-01   0.59640E-01   0.59560E-01   0.59464E-01
    0.59263E-01   0.59201E-01   0.59043E-01   0.58899E-01   0.58750E-01
    0.58606E-01   0.58495E-01   0.58373E-01   0.58350E-01   0.58363E-01
    0.58447E-01   0.58607E-01   0.58848E-01   0.59229E-01   0.59692E-01
    0.60284E-01   0.61007E-01   0.61847E-01   0.62816E-01   0.63905E-01
    0.65096E-01   0.66364E-01   0.67729E-01   0.69114E-01   0.70488E-01
    0.71830E-01   0.73084E-01   0.74201E-01   0.75156E-01   0.75889E-01
    0.76350E-01   0.76542E-01   0.76407E-01   0.75904E-01   0.75034E-01
    0.73805E-01   0.72214E-01   0.70277E-01   0.68026E-01   0.65505E-01
    0.62725E-01   0.59773E-01   0.56695E-01   0.53551E-01   0.50408E-01
    0.47324E-01
