    0.40613       0.40693       0.40933       0.41332       0.41890    
    0.42606       0.43485       0.44565       0.45815       0.47269    
    0.48896       0.50699       0.52761       0.55100       0.57722    
    0.60495       0.63563       0.66905       0.70433       0.74177    
    0.78470       0.83350       0.88568       0.94026       0.99581    
     1.0566        1.1194        1.1858        1.2528        1.3218    
     1.3896        1.4553        1.5214        1.5833        1.6380    
     1.6877        1.7320        1.7662        1.7937        1.8082    
     1.8140        1.8083        1.7941        1.7713        1.7409    
     1.6999        1.6541        1.6036        1.5511        1.4966    
     1.4421        1.3887        1.3378        1.2920        1.2491    
     1.2096        1.1773        1.1501        1.1286        1.1094    
     1.0968    
