     1.0022        1.0021        1.0017        1.0007       0.99898    
    0.99573       0.99042       0.98240       0.97090       0.95516    
    0.93451       0.90831       0.87612       0.83769       0.79346    
    0.74381       0.68988       0.63345       0.57613       0.52005    
    0.46716       0.41911       0.37687       0.34089       0.31080    
    0.28571       0.26441       0.24536       0.22739       0.20977    
    0.19208       0.17445       0.15715       0.14095       0.12615    
    0.11314       0.10198       0.92497E-01   0.84342E-01   0.77126E-01
    0.70464E-01   0.64063E-01   0.57811E-01   0.51777E-01   0.46075E-01
    0.40871E-01   0.36297E-01   0.32414E-01   0.29207E-01   0.26559E-01
    0.24306E-01   0.22285E-01   0.20353E-01   0.18432E-01   0.16513E-01
    0.14632E-01   0.12867E-01   0.11294E-01   0.99692E-02   0.89102E-02
    0.80936E-02
