    0.58726       0.58740       0.58786       0.58876       0.59028    
    0.59268       0.59627       0.60141       0.60848       0.61791    
    0.63011       0.64548       0.66441       0.68724       0.71428    
    0.74577       0.78190       0.82277       0.86844       0.91889    
    0.97401        1.0336        1.0975        1.1653        1.2365    
     1.3106        1.3869        1.4646        1.5429        1.6206    
     1.6967        1.7700        1.8392        1.9031        1.9604    
     2.0100        2.0508        2.0820        2.1029        2.1131    
     2.1124        2.1008        2.0789        2.0473        2.0068    
     1.9587        1.9043        1.8450        1.7824        1.7180    
     1.6533        1.5898        1.5288        1.4713        1.4182    
     1.3703        1.3278        1.2909        1.2595        1.2333    
     1.2117    
