    0.58138       0.58181       0.58313       0.58552       0.58928    
    0.59477       0.60245       0.61149       0.62426       0.64013    
    0.65851       0.68116       0.70985       0.74602       0.78765    
    0.83048       0.87998       0.93511       0.99511        1.0484    
     1.1106        1.2159        1.2875        1.3671        1.4547    
     1.5425        1.6224        1.7094        1.7974        1.8855    
     1.9678        2.0426        2.1191        2.1793        2.2350    
     2.2849        2.3180        2.3469        2.3626        2.3700    
     2.3621        2.3474        2.3200        2.2861        2.2451    
     2.1942        2.1349        2.0729        2.0062        1.9427    
     1.8760        1.8110        1.7483        1.6899        1.6342    
     1.5801        1.5344        1.4925        1.4554        1.4212    
     1.3940    
