    0.50573       0.50633       0.50817       0.51132       0.51593    
    0.52219       0.53032       0.54057       0.55323       0.56857    
    0.58687       0.60839       0.63338       0.66203       0.69451    
    0.73096       0.77145       0.81602       0.86467       0.91735    
    0.97395        1.0343        1.0983        1.1655        1.2356    
     1.3082        1.3827        1.4583        1.5344        1.6099    
     1.6839        1.7553        1.8228        1.8853        1.9417    
     1.9908        2.0317        2.0634        2.0853        2.0970    
     2.0983        2.0893        2.0704        2.0422        2.0055    
     1.9616        1.9115        1.8568        1.7989        1.7392    
     1.6792        1.6202        1.5634        1.5098        1.4603    
     1.4153        1.3752        1.3402        1.3100        1.2843    
     1.2626    
