    0.69860E-01   0.69867E-01   0.69886E-01   0.69906E-01   0.69902E-01
    0.69901E-01   0.70016E-01   0.70124E-01   0.70177E-01   0.70170E-01
    0.70170E-01   0.70182E-01   0.70090E-01   0.69935E-01   0.69735E-01
    0.69083E-01   0.69148E-01   0.68755E-01   0.68366E-01   0.67927E-01
    0.67465E-01   0.67027E-01   0.66640E-01   0.66172E-01   0.65832E-01
    0.65611E-01   0.65495E-01   0.65483E-01   0.65754E-01   0.66146E-01
    0.66761E-01   0.67591E-01   0.68724E-01   0.70037E-01   0.71623E-01
    0.73419E-01   0.75411E-01   0.77557E-01   0.79789E-01   0.82059E-01
    0.84311E-01   0.86464E-01   0.88427E-01   0.90147E-01   0.91543E-01
    0.92536E-01   0.93104E-01   0.93181E-01   0.92720E-01   0.91716E-01
    0.90158E-01   0.88067E-01   0.85484E-01   0.82459E-01   0.79066E-01
    0.75323E-01   0.71376E-01   0.67288E-01   0.63157E-01   0.59074E-01
    0.55125E-01
