    0.93369       0.93383       0.93418       0.93451       0.93447    
    0.93362       0.93136       0.92706       0.91999       0.90934    
    0.89438       0.87429       0.84832       0.81620       0.77788    
    0.73361       0.68426       0.63124       0.57613       0.52121    
    0.46847       0.41980       0.37662       0.33949       0.30849    
    0.28290       0.26161       0.24304       0.22593       0.20923    
    0.19236       0.17532       0.15832       0.14205       0.12699    
    0.11361       0.10208       0.92351E-01   0.84121E-01   0.76989E-01
    0.70603E-01   0.64357E-01   0.58340E-01   0.52445E-01   0.46769E-01
    0.41490E-01   0.36769E-01   0.32720E-01   0.29366E-01   0.26624E-01
    0.24355E-01   0.22378E-01   0.20537E-01   0.18720E-01   0.16883E-01
    0.15040E-01   0.13262E-01   0.11629E-01   0.10215E-01   0.90606E-02
    0.81631E-02
