    0.57190       0.57263       0.57481       0.57843       0.58342    
    0.58969       0.59702       0.60509       0.61345       0.62142    
    0.62820       0.63287       0.63429       0.63129       0.62293    
    0.60815       0.58660       0.55797       0.52320       0.48330    
    0.44028       0.39616       0.35341       0.31414       0.27996    
    0.25166       0.22927       0.21194       0.19832       0.18676    
    0.17579       0.16433       0.15185       0.13838       0.12447    
    0.11083       0.98227E-01   0.87240E-01   0.78123E-01   0.70805E-01
    0.64953E-01   0.60034E-01   0.55627E-01   0.51267E-01   0.46766E-01
    0.42108E-01   0.37440E-01   0.32984E-01   0.28973E-01   0.25576E-01
    0.22849E-01   0.20742E-01   0.19110E-01   0.17771E-01   0.16541E-01
    0.15284E-01   0.13934E-01   0.12495E-01   0.11028E-01   0.96256E-02
    0.83775E-02
