    0.64163       0.64191       0.64285       0.64463       0.64762    
    0.65226       0.65909       0.66869       0.68167       0.69865    
    0.72019       0.74681       0.77896       0.81699       0.86115    
    0.91158       0.96832        1.0313        1.1003        1.1750    
     1.2550        1.3397        1.4285        1.5206        1.6151    
     1.7111        1.8076        1.9034        1.9975        2.0885    
     2.1753        2.2566        2.3313        2.3982        2.4562    
     2.5043        2.5418        2.5681        2.5826        2.5853    
     2.5762        2.5557        2.5244        2.4832        2.4331    
     2.3755        2.3117        2.2433        2.1718        2.0987    
     2.0256        1.9537        1.8842        1.8181        1.7562    
     1.6991        1.6469        1.5999        1.5579        1.5206    
     1.4874    
