    0.49844       0.49901       0.50078       0.50383       0.50834    
    0.51455       0.52271       0.53315       0.54584       0.56052    
    0.57854       0.59922       0.62419       0.65250       0.68493    
    0.72160       0.76066       0.80623       0.85062       0.89702    
    0.94506        1.0230        1.0956        1.1500        1.2174    
     1.2862        1.3598        1.4352        1.5119        1.5871    
     1.6604        1.7377        1.8041        1.8655        1.9206    
     1.9694        2.0122        2.0428        2.0650        2.0780    
     2.0783        2.0689        2.0500        2.0238        1.9868    
     1.9422        1.8906        1.8353        1.7786        1.7199    
     1.6603        1.6020        1.5455        1.4933        1.4444    
     1.3991        1.3595        1.3250        1.2949        1.2697    
     1.2489    
