    0.48322       0.48361       0.48479       0.48683       0.48979    
    0.49381       0.49902       0.50559       0.51372       0.52361    
    0.53548       0.54955       0.56605       0.58520       0.60721    
    0.63230       0.66067       0.69248       0.72792       0.76710    
    0.81015       0.85713       0.90803       0.96278        1.0212    
     1.0831        1.1479        1.2152        1.2842        1.3541    
     1.4238        1.4922        1.5581        1.6202        1.6771    
     1.7275        1.7703        1.8044        1.8290        1.8434    
     1.8473        1.8406        1.8236        1.7970        1.7615    
     1.7182        1.6686        1.6140        1.5561        1.4964    
     1.4366        1.3782        1.3225        1.2706        1.2235    
     1.1819        1.1461        1.1162        1.0922        1.0735    
     1.0596    
