    0.69639E-01   0.69646E-01   0.69663E-01   0.69682E-01   0.69676E-01
    0.69675E-01   0.69788E-01   0.69894E-01   0.69945E-01   0.69938E-01
    0.69937E-01   0.69947E-01   0.69856E-01   0.69702E-01   0.69505E-01
    0.68872E-01   0.68927E-01   0.68540E-01   0.68159E-01   0.67728E-01
    0.67276E-01   0.66847E-01   0.66462E-01   0.66011E-01   0.65682E-01
    0.65468E-01   0.65359E-01   0.65352E-01   0.65623E-01   0.66014E-01
    0.66625E-01   0.67448E-01   0.68567E-01   0.69867E-01   0.71432E-01
    0.73205E-01   0.75172E-01   0.77289E-01   0.79491E-01   0.81732E-01
    0.83955E-01   0.86079E-01   0.88015E-01   0.89713E-01   0.91089E-01
    0.92069E-01   0.92627E-01   0.92701E-01   0.92242E-01   0.91247E-01
    0.89702E-01   0.87629E-01   0.85069E-01   0.82070E-01   0.78705E-01
    0.74993E-01   0.71076E-01   0.67019E-01   0.62918E-01   0.58861E-01
    0.54936E-01
