    0.88887       0.88913       0.88986       0.89084       0.89177    
    0.89226       0.89172       0.88963       0.88513       0.87750    
    0.86593       0.84956       0.82752       0.79939       0.76493    
    0.72423       0.67803       0.62754       0.57418       0.52036    
    0.46803       0.41921       0.37551       0.33782       0.30630    
    0.28039       0.25907       0.24081       0.22417       0.20814    
    0.19189       0.17533       0.15863       0.14243       0.12728    
    0.11370       0.10195       0.92054E-01   0.83760E-01   0.76664E-01
    0.70307E-01   0.64323E-01   0.58482E-01   0.52705E-01   0.47087E-01
    0.41793E-01   0.36998E-01   0.32851E-01   0.29398E-01   0.26589E-01
    0.24295E-01   0.22340E-01   0.20554E-01   0.18809E-01   0.17036E-01
    0.15238E-01   0.13471E-01   0.11818E-01   0.10358E-01   0.91468E-02
    0.81959E-02
