    0.53754       0.53807       0.53969       0.54251       0.54673    
    0.55258       0.56035       0.57037       0.58295       0.59843    
    0.61714       0.63935       0.66532       0.69527       0.72938    
    0.76777       0.81053       0.85769       0.90924       0.96511    
     1.0252        1.0892        1.1570        1.2282        1.3023    
     1.3788        1.4570        1.5363        1.6157        1.6943    
     1.7711        1.8449        1.9145        1.9787        2.0364    
     2.0865        2.1278        2.1597        2.1814        2.1924    
     2.1926        2.1822        2.1615        2.1311        2.0921    
     2.0455        1.9927        1.9350        1.8742        1.8115    
     1.7486        1.6867        1.6272        1.5709        1.5187    
     1.4713        1.4288        1.3914        1.3590        1.3311    
     1.3072    
