    0.73528E-01   0.73547E-01   0.73601E-01   0.73688E-01   0.73800E-01
    0.73930E-01   0.74066E-01   0.74196E-01   0.74308E-01   0.74388E-01
    0.74423E-01   0.74400E-01   0.74310E-01   0.74144E-01   0.73896E-01
    0.73564E-01   0.73150E-01   0.72658E-01   0.72100E-01   0.71490E-01
    0.70846E-01   0.70193E-01   0.69558E-01   0.68973E-01   0.68471E-01
    0.68090E-01   0.67869E-01   0.67844E-01   0.68052E-01   0.68526E-01
    0.69293E-01   0.70374E-01   0.71778E-01   0.73506E-01   0.75545E-01
    0.77868E-01   0.80434E-01   0.83191E-01   0.86069E-01   0.88991E-01
    0.91870E-01   0.94612E-01   0.97121E-01   0.99301E-01   0.10106    
    0.10233       0.10303       0.10311       0.10254       0.10131    
    0.99412E-01   0.96890E-01   0.93788E-01   0.90173E-01   0.86129E-01
    0.81752E-01   0.77149E-01   0.72429E-01   0.67704E-01   0.63085E-01
    0.58671E-01
