    0.61848       0.61908       0.62085       0.62380       0.62796    
    0.63346       0.64055       0.64961       0.66098       0.67858    
    0.70046       0.72616       0.75605       0.79323       0.84016    
    0.88774       0.94199        1.0057        1.0810        1.1461    
     1.2136        1.2983        1.3808        1.4811        1.5839    
     1.6724        1.7677        1.8761        1.9711        2.0468    
     2.1296        2.2211        2.2897        2.3673        2.4051    
     2.4768        2.5103        2.5402        2.5562        2.5515    
     2.5476        2.5291        2.4966        2.4579        2.4113    
     2.3459        2.2832        2.2109        2.1447        2.0715    
     1.9973        1.9235        1.8580        1.7973        1.7346    
     1.6739        1.6237        1.5804        1.5401        1.5047    
     1.4690    
