    0.69723E-01   0.69735E-01   0.69770E-01   0.69825E-01   0.69896E-01
    0.69976E-01   0.70058E-01   0.70132E-01   0.70190E-01   0.70223E-01
    0.70222E-01   0.70178E-01   0.70085E-01   0.69938E-01   0.69734E-01
    0.69473E-01   0.69157E-01   0.68790E-01   0.68382E-01   0.67943E-01
    0.67486E-01   0.67030E-01   0.66594E-01   0.66201E-01   0.65874E-01
    0.65640E-01   0.65526E-01   0.65560E-01   0.65767E-01   0.66171E-01
    0.66793E-01   0.67648E-01   0.68745E-01   0.70086E-01   0.71662E-01
    0.73455E-01   0.75436E-01   0.77567E-01   0.79797E-01   0.82067E-01
    0.84311E-01   0.86456E-01   0.88427E-01   0.90148E-01   0.91545E-01
    0.92552E-01   0.93111E-01   0.93174E-01   0.92709E-01   0.91699E-01
    0.90142E-01   0.88056E-01   0.85473E-01   0.82443E-01   0.79028E-01
    0.75303E-01   0.71352E-01   0.67264E-01   0.63133E-01   0.59049E-01
    0.55103E-01
