    0.73704E-01   0.73718E-01   0.73758E-01   0.73816E-01   0.73872E-01
    0.73916E-01   0.74068E-01   0.74257E-01   0.74374E-01   0.74380E-01
    0.74420E-01   0.74514E-01   0.74430E-01   0.74260E-01   0.74015E-01
    0.72896E-01   0.73300E-01   0.72749E-01   0.72202E-01   0.71588E-01
    0.70934E-01   0.70304E-01   0.70019E-01   0.69072E-01   0.68515E-01
    0.68139E-01   0.67939E-01   0.67842E-01   0.68153E-01   0.68633E-01
    0.69399E-01   0.70466E-01   0.71950E-01   0.73728E-01   0.75768E-01
    0.78137E-01   0.80752E-01   0.83566E-01   0.86514E-01   0.89458E-01
    0.92343E-01   0.95198E-01   0.97739E-01   0.99946E-01   0.10173    
    0.10299       0.10370       0.10379       0.10321       0.10196    
    0.10003       0.97473E-01   0.94325E-01   0.90665E-01   0.86620E-01
    0.82159E-01   0.77516E-01   0.72751E-01   0.67977E-01   0.63333E-01
    0.58884E-01
