    0.48954       0.49014       0.49194       0.49507       0.49966    
    0.50595       0.51419       0.52466       0.53746       0.55202    
    0.56963       0.59027       0.61485       0.64298       0.67493    
    0.71046       0.74813       0.79199       0.83518       0.88220    
    0.92895        1.0036        1.0613        1.1288        1.1954    
     1.2618        1.3342        1.4086        1.4842        1.5586    
     1.6315        1.7039        1.7743        1.8346        1.8907    
     1.9377        1.9824        2.0131        2.0361        2.0498    
     2.0505        2.0418        2.0230        1.9984        1.9617    
     1.9173        1.8666        1.8119        1.7556        1.6974    
     1.6385        1.5807        1.5249        1.4732        1.4250    
     1.3805        1.3416        1.3078        1.2784        1.2544    
     1.2341    
