    0.79703       0.79702       0.79710       0.79765       0.79926    
    0.80271       0.80893       0.81894       0.83380       0.85459    
    0.88228       0.91779       0.96187        1.0151        1.0779    
     1.1504        1.2326        1.3243        1.4248        1.5334    
     1.6492        1.7710        1.8975        2.0270        2.1580    
     2.2888        2.4177        2.5428        2.6624        2.7750    
     2.8790        2.9729        3.0556        3.1259        3.1828    
     3.2258        3.2544        3.2683        3.2675        3.2524    
     3.2236        3.1818        3.1281        3.0637        2.9902    
     2.9092        2.8223        2.7312        2.6377        2.5434    
     2.4497        2.3581        2.2698        2.1856        2.1064    
     2.0325        1.9644        1.9020        1.8451        1.7934    
     1.7466    
