    0.41214       0.41266       0.41421       0.41681       0.42051    
    0.42533       0.43136       0.43865       0.44730       0.45742    
    0.46913       0.48257       0.49788       0.51524       0.53482    
    0.55682       0.58144       0.60889       0.63940       0.67318    
    0.71043       0.75133       0.79601       0.84452       0.89683    
    0.95279        1.0121        1.0744        1.1389        1.2050    
     1.2715        1.3375        1.4017        1.4627        1.5192    
     1.5698        1.6132        1.6483        1.6741        1.6900    
     1.6955        1.6905        1.6753        1.6503        1.6165    
     1.5749        1.5269        1.4739        1.4178        1.3600    
     1.3023        1.2461        1.1930        1.1440        1.1001    
     1.0619        1.0300        1.0042       0.98449       0.97037    
    0.96116    
