    0.61686E-01   0.61692E-01   0.61710E-01   0.61739E-01   0.61774E-01
    0.61814E-01   0.61853E-01   0.61887E-01   0.61910E-01   0.61919E-01
    0.61907E-01   0.61873E-01   0.61812E-01   0.61724E-01   0.61609E-01
    0.61467E-01   0.61303E-01   0.61121E-01   0.60927E-01   0.60730E-01
    0.60539E-01   0.60365E-01   0.60221E-01   0.60118E-01   0.60072E-01
    0.60097E-01   0.60207E-01   0.60416E-01   0.60739E-01   0.61186E-01
    0.61768E-01   0.62492E-01   0.63360E-01   0.64370E-01   0.65516E-01
    0.66785E-01   0.68158E-01   0.69609E-01   0.71105E-01   0.72610E-01
    0.74079E-01   0.75466E-01   0.76721E-01   0.77795E-01   0.78637E-01
    0.79203E-01   0.79451E-01   0.79348E-01   0.78868E-01   0.77995E-01
    0.76726E-01   0.75067E-01   0.73038E-01   0.70668E-01   0.67998E-01
    0.65078E-01   0.61964E-01   0.58719E-01   0.55410E-01   0.52104E-01
    0.48867E-01
