    0.70765       0.70816       0.70999       0.71481       0.74233    
    0.70131       0.71541       0.72727       0.74146       0.75458    
    0.78771       0.81682       0.85394       0.90059       0.95808    
     1.0240        1.0938        1.1752        1.2627        1.3427    
     1.4473        1.5503        1.6730        1.7957        1.9093    
     2.0182        2.1308        2.2595        2.3496        2.4522    
     2.5502        2.6404        2.7293        2.7995        2.8286    
     2.9185        2.9446        2.9520        2.9401        2.9379    
     2.9157        2.8815        2.8390        2.7772        2.7103    
     2.6457        2.5729        2.4922        2.4127        2.3305    
     2.2473        2.1700        2.0905        2.0189        1.9484    
     1.8837        1.8263        1.7727        1.7215        1.6732    
     1.6323    
