    0.71971E-01   0.71986E-01   0.72031E-01   0.72102E-01   0.72193E-01
    0.72298E-01   0.72407E-01   0.72509E-01   0.72595E-01   0.72651E-01
    0.72668E-01   0.72635E-01   0.72544E-01   0.72386E-01   0.72158E-01
    0.71859E-01   0.71490E-01   0.71056E-01   0.70566E-01   0.70034E-01
    0.69475E-01   0.68910E-01   0.68363E-01   0.67861E-01   0.67434E-01
    0.67114E-01   0.66934E-01   0.66927E-01   0.67124E-01   0.67554E-01
    0.68242E-01   0.69206E-01   0.70456E-01   0.71992E-01   0.73805E-01
    0.75872E-01   0.78158E-01   0.80616E-01   0.83188E-01   0.85803E-01
    0.88385E-01   0.90849E-01   0.93109E-01   0.95079E-01   0.96676E-01
    0.97826E-01   0.98465E-01   0.98542E-01   0.98025E-01   0.96896E-01
    0.95160E-01   0.92840E-01   0.89975E-01   0.86627E-01   0.82867E-01
    0.78783E-01   0.74471E-01   0.70032E-01   0.65569E-01   0.61184E-01
    0.56972E-01
