    0.32733       0.32817       0.33070       0.33491       0.34077    
    0.34826       0.35736       0.36805       0.38031       0.39412    
    0.40950       0.42647       0.44507       0.46537       0.48747    
    0.51149       0.53759       0.56595       0.59679       0.63033    
    0.66681       0.70645       0.74943       0.79590       0.84590    
    0.89936       0.95608        1.0157        1.0777        1.1413    
     1.2057        1.2697        1.3323        1.3920        1.4477    
     1.4978        1.5413        1.5769        1.6037        1.6211    
     1.6286        1.6261        1.6138        1.5922        1.5623    
     1.5249        1.4816        1.4336        1.3827        1.3303    
     1.2781        1.2275        1.1798        1.1361        1.0972    
     1.0638        1.0360        1.0139       0.99730       0.98557    
    0.97804    
