    0.65842E-01   0.65851E-01   0.65876E-01   0.65915E-01   0.65964E-01
    0.66019E-01   0.66074E-01   0.66123E-01   0.66159E-01   0.66175E-01
    0.66164E-01   0.66122E-01   0.66045E-01   0.65928E-01   0.65770E-01
    0.65574E-01   0.65340E-01   0.65074E-01   0.64783E-01   0.64476E-01
    0.64164E-01   0.63861E-01   0.63582E-01   0.63344E-01   0.63165E-01
    0.63065E-01   0.63064E-01   0.63181E-01   0.63435E-01   0.63845E-01
    0.64424E-01   0.65184E-01   0.66130E-01   0.67263E-01   0.68577E-01
    0.70056E-01   0.71678E-01   0.73411E-01   0.75218E-01   0.77051E-01
    0.78856E-01   0.80577E-01   0.82151E-01   0.83518E-01   0.84617E-01
    0.85393E-01   0.85795E-01   0.85784E-01   0.85331E-01   0.84416E-01
    0.83038E-01   0.81207E-01   0.78945E-01   0.76293E-01   0.73298E-01
    0.70022E-01   0.66534E-01   0.62907E-01   0.59221E-01   0.55554E-01
    0.51983E-01
