    0.65394       0.65429       0.65538       0.65744       0.66080    
    0.66589       0.67323       0.68320       0.69532       0.70294    
    0.73053       0.75744       0.79134       0.84042       0.87863    
    0.93898       0.99977        1.0692        1.1493        1.2115    
     1.3028        1.3944        1.4984        1.6079        1.7128    
     1.7993        1.9021        2.0060        2.1018        2.1996    
     2.2839        2.3720        2.4660        2.5378        2.5758    
     2.5990        2.6936        2.6874        2.6890        2.6903    
     2.6748        2.6489        2.6137        2.5631        2.5065    
     2.4514        2.3837        2.3102        2.2456        2.1706    
     2.0921        2.0170        1.9450        1.8784        1.8156    
     1.7553        1.7052        1.6543        1.6104        1.5683    
     1.5328    
