    0.61730E-01   0.61729E-01   0.61720E-01   0.61701E-01   0.61695E-01
    0.61747E-01   0.61814E-01   0.61863E-01   0.61883E-01   0.61877E-01
    0.61871E-01   0.61855E-01   0.61796E-01   0.61703E-01   0.61591E-01
    0.61338E-01   0.61275E-01   0.61080E-01   0.60897E-01   0.60702E-01
    0.60507E-01   0.60342E-01   0.60158E-01   0.60076E-01   0.60030E-01
    0.60058E-01   0.60166E-01   0.60358E-01   0.60707E-01   0.61145E-01
    0.61724E-01   0.62450E-01   0.63312E-01   0.64320E-01   0.65466E-01
    0.66733E-01   0.68080E-01   0.69571E-01   0.71074E-01   0.72579E-01
    0.74057E-01   0.75448E-01   0.76697E-01   0.77776E-01   0.78619E-01
    0.79172E-01   0.79435E-01   0.79342E-01   0.78863E-01   0.77982E-01
    0.76713E-01   0.75060E-01   0.73031E-01   0.70665E-01   0.68010E-01
    0.65079E-01   0.61968E-01   0.58724E-01   0.55412E-01   0.52110E-01
    0.48874E-01
