    0.55866E-01   0.55869E-01   0.55881E-01   0.55898E-01   0.55920E-01
    0.55944E-01   0.55966E-01   0.55983E-01   0.55993E-01   0.55992E-01
    0.55978E-01   0.55949E-01   0.55904E-01   0.55843E-01   0.55768E-01
    0.55681E-01   0.55586E-01   0.55489E-01   0.55395E-01   0.55311E-01
    0.55246E-01   0.55209E-01   0.55209E-01   0.55256E-01   0.55359E-01
    0.55529E-01   0.55775E-01   0.56105E-01   0.56527E-01   0.57048E-01
    0.57671E-01   0.58398E-01   0.59228E-01   0.60157E-01   0.61175E-01
    0.62272E-01   0.63429E-01   0.64625E-01   0.65833E-01   0.67025E-01
    0.68166E-01   0.69220E-01   0.70150E-01   0.70917E-01   0.71484E-01
    0.71817E-01   0.71884E-01   0.71659E-01   0.71125E-01   0.70268E-01
    0.69087E-01   0.67587E-01   0.65781E-01   0.63695E-01   0.61360E-01
    0.58814E-01   0.56103E-01   0.53278E-01   0.50391E-01   0.47497E-01
    0.44651E-01
