    0.45059       0.45105       0.45242       0.45474       0.45808    
    0.46251       0.46814       0.47509       0.48350       0.49354    
    0.50536       0.51915       0.53510       0.55339       0.57424    
    0.59784       0.62439       0.65408       0.68712       0.72367    
    0.76388       0.80788       0.85574       0.90744       0.96288    
     1.0219        1.0840        1.1488        1.2157        1.2837    
     1.3519        1.4192        1.4843        1.5458        1.6026    
     1.6532        1.6963        1.7310        1.7563        1.7715    
     1.7763        1.7705        1.7545        1.7288        1.6942    
     1.6518        1.6030        1.5493        1.4923        1.4336    
     1.3748        1.3175        1.2630        1.2125        1.1670    
     1.1270        1.0930        1.0650        1.0430        1.0265    
     1.0147    
