     1.0140        1.0138        1.0133        1.0121        1.0100    
     1.0063        1.0004       0.99166       0.97936       0.96266    
    0.94098       0.91366       0.88035       0.84081       0.79556    
    0.74500       0.69035       0.63338       0.57571       0.51951    
    0.46665       0.41877       0.37674       0.34098       0.31105    
    0.28603       0.26472       0.24557       0.22748       0.20971    
    0.19190       0.17419       0.15686       0.14068       0.12595    
    0.11301       0.10191       0.92475E-01   0.84330E-01   0.77098E-01
    0.70400E-01   0.63959E-01   0.57676E-01   0.51624E-01   0.45925E-01
    0.40741E-01   0.36199E-01   0.32345E-01   0.29164E-01   0.26529E-01
    0.24278E-01   0.22248E-01   0.20299E-01   0.18362E-01   0.16432E-01
    0.14549E-01   0.12789E-01   0.11230E-01   0.99226E-02   0.88812E-02
    0.80783E-02
