    0.65670E-01   0.65679E-01   0.65703E-01   0.65742E-01   0.65790E-01
    0.65845E-01   0.65899E-01   0.65947E-01   0.65982E-01   0.65998E-01
    0.65987E-01   0.65946E-01   0.65868E-01   0.65753E-01   0.65597E-01
    0.65403E-01   0.65172E-01   0.64910E-01   0.64623E-01   0.64321E-01
    0.64014E-01   0.63717E-01   0.63444E-01   0.63212E-01   0.63039E-01
    0.62944E-01   0.62947E-01   0.63068E-01   0.63325E-01   0.63736E-01
    0.64314E-01   0.65071E-01   0.66013E-01   0.67140E-01   0.68445E-01
    0.69914E-01   0.71524E-01   0.73245E-01   0.75037E-01   0.76855E-01
    0.78645E-01   0.80351E-01   0.81911E-01   0.83265E-01   0.84353E-01
    0.85120E-01   0.85516E-01   0.85502E-01   0.85047E-01   0.84136E-01
    0.82763E-01   0.80940E-01   0.78690E-01   0.76050E-01   0.73071E-01
    0.69811E-01   0.66339E-01   0.62730E-01   0.59060E-01   0.55409E-01
    0.51852E-01
