    0.77857       0.77906       0.78051       0.78279       0.78565    
    0.78880       0.79182       0.79416       0.79522       0.79410    
    0.79002       0.78191       0.76895       0.75021       0.72511    
    0.69336       0.65524       0.61158       0.56370       0.51347    
    0.46313       0.41480       0.37054       0.33174       0.29905    
    0.27241       0.25086       0.23316       0.21782       0.20334    
    0.18879       0.17370       0.15805       0.14235       0.12722    
    0.11332       0.10112       0.90827E-01   0.82307E-01   0.75240E-01
    0.69151E-01   0.63580E-01   0.58201E-01   0.52828E-01   0.47465E-01
    0.42240E-01   0.37359E-01   0.33017E-01   0.29332E-01   0.26332E-01
    0.23936E-01   0.21993E-01   0.20317E-01   0.18745E-01   0.17159E-01
    0.15515E-01   0.13832E-01   0.12184E-01   0.10658E-01   0.93329E-02
    0.82566E-02
