    0.60000E-01   0.60006E-01   0.60022E-01   0.60047E-01   0.60079E-01
    0.60113E-01   0.60147E-01   0.60176E-01   0.60196E-01   0.60202E-01
    0.60190E-01   0.60158E-01   0.60103E-01   0.60024E-01   0.59923E-01
    0.59800E-01   0.59659E-01   0.59505E-01   0.59344E-01   0.59185E-01
    0.59035E-01   0.58905E-01   0.58807E-01   0.58753E-01   0.58754E-01
    0.58824E-01   0.58976E-01   0.59222E-01   0.59573E-01   0.60041E-01
    0.60632E-01   0.61351E-01   0.62202E-01   0.63180E-01   0.64279E-01
    0.65487E-01   0.66784E-01   0.68147E-01   0.69545E-01   0.70944E-01
    0.72303E-01   0.73580E-01   0.74728E-01   0.75702E-01   0.76455E-01
    0.76946E-01   0.77138E-01   0.76997E-01   0.76502E-01   0.75637E-01
    0.74398E-01   0.72793E-01   0.70838E-01   0.68561E-01   0.65999E-01
    0.63199E-01   0.60214E-01   0.57102E-01   0.53926E-01   0.50749E-01
    0.47633E-01
