    0.63297E-01   0.63297E-01   0.63294E-01   0.63274E-01   0.63245E-01
    0.63288E-01   0.63367E-01   0.63423E-01   0.63447E-01   0.63441E-01
    0.63435E-01   0.63421E-01   0.63356E-01   0.63252E-01   0.63127E-01
    0.62829E-01   0.62768E-01   0.62542E-01   0.62328E-01   0.62095E-01
    0.61859E-01   0.61651E-01   0.61422E-01   0.61291E-01   0.61198E-01
    0.61184E-01   0.61251E-01   0.61407E-01   0.61735E-01   0.62155E-01
    0.62730E-01   0.63461E-01   0.64348E-01   0.65391E-01   0.66590E-01
    0.67923E-01   0.69346E-01   0.70935E-01   0.72535E-01   0.74150E-01
    0.75739E-01   0.77242E-01   0.78597E-01   0.79774E-01   0.80705E-01
    0.81331E-01   0.81646E-01   0.81586E-01   0.81121E-01   0.80229E-01
    0.78924E-01   0.77217E-01   0.75113E-01   0.72654E-01   0.69890E-01
    0.66840E-01   0.63601E-01   0.60228E-01   0.56785E-01   0.53360E-01
    0.50007E-01
