    0.69681E-01   0.69688E-01   0.69706E-01   0.69725E-01   0.69720E-01
    0.69719E-01   0.69832E-01   0.69938E-01   0.69990E-01   0.69983E-01
    0.69982E-01   0.69993E-01   0.69901E-01   0.69747E-01   0.69549E-01
    0.68912E-01   0.68969E-01   0.68581E-01   0.68198E-01   0.67765E-01
    0.67311E-01   0.66879E-01   0.66494E-01   0.66039E-01   0.65707E-01
    0.65491E-01   0.65381E-01   0.65373E-01   0.65644E-01   0.66035E-01
    0.66648E-01   0.67473E-01   0.68595E-01   0.69898E-01   0.71469E-01
    0.73248E-01   0.75222E-01   0.77346E-01   0.79556E-01   0.81804E-01
    0.84035E-01   0.86167E-01   0.88109E-01   0.89813E-01   0.91194E-01
    0.92177E-01   0.92738E-01   0.92813E-01   0.92354E-01   0.91357E-01
    0.89809E-01   0.87732E-01   0.85166E-01   0.82161E-01   0.78789E-01
    0.75069E-01   0.71145E-01   0.67081E-01   0.62972E-01   0.58909E-01
    0.54978E-01
