    0.76418       0.76422       0.76444       0.76518       0.76699    
    0.77059       0.77681       0.78659       0.80091       0.82074    
    0.84698       0.88046       0.92186       0.97173        1.0304    
     1.0981        1.1748        1.2602        1.3539        1.4553    
     1.5634        1.6772        1.7955        1.9170        2.0402    
     2.1636        2.2855        2.4043        2.5186        2.6266    
     2.7270        2.8183        2.8993        2.9690        3.0263    
     3.0706        3.1013        3.1180        3.1208        3.1097    
     3.0854        3.0484        2.9998        2.9408        2.8726    
     2.7969        2.7153        2.6294        2.5409        2.4514    
     2.3623        2.2752        2.1910        2.1108        2.0354    
     1.9651        1.9004        1.8412        1.7874        1.7387    
     1.6946    
