    0.44240E-01   0.44248E-01   0.44272E-01   0.44309E-01   0.44357E-01
    0.44412E-01   0.44467E-01   0.44518E-01   0.44558E-01   0.44582E-01
    0.44582E-01   0.44554E-01   0.44494E-01   0.44399E-01   0.44266E-01
    0.44096E-01   0.43890E-01   0.43654E-01   0.43393E-01   0.43116E-01
    0.42834E-01   0.42560E-01   0.42310E-01   0.42101E-01   0.41953E-01
    0.41887E-01   0.41925E-01   0.42091E-01   0.42407E-01   0.42893E-01
    0.43568E-01   0.44448E-01   0.45542E-01   0.46853E-01   0.48378E-01
    0.50105E-01   0.52010E-01   0.54065E-01   0.56228E-01   0.58452E-01
    0.60680E-01   0.62851E-01   0.64900E-01   0.66761E-01   0.68369E-01
    0.69665E-01   0.70595E-01   0.71114E-01   0.71192E-01   0.70808E-01
    0.69957E-01   0.68650E-01   0.66912E-01   0.64779E-01   0.62304E-01
    0.59548E-01   0.56581E-01   0.53479E-01   0.50320E-01   0.47182E-01
    0.44142E-01
