    0.41315       0.41394       0.41631       0.42026       0.42578    
    0.43288       0.44165       0.45250       0.46526       0.47968    
    0.49608       0.51416       0.53509       0.55886       0.58497    
    0.61393       0.64514       0.67939       0.71516       0.75317    
    0.79619       0.84599       0.90001       0.95587        1.0120    
     1.0727        1.1370        1.2033        1.2713        1.3407    
     1.4089        1.4752        1.5406        1.6035        1.6580    
     1.7079        1.7522        1.7863        1.8131        1.8274    
     1.8332        1.8274        1.8127        1.7905        1.7590    
     1.7181        1.6719        1.6211        1.5684        1.5136    
     1.4588        1.4050        1.3536        1.3073        1.2638    
     1.2244        1.1913        1.1636        1.1416        1.1219    
     1.1085    
