    0.75358       0.75364       0.75391       0.75473       0.75662    
    0.76027       0.76652       0.77625       0.79042       0.80996    
    0.83575       0.86859       0.90915       0.95795        1.0153    
     1.0815        1.1564        1.2398        1.3313        1.4303    
     1.5359        1.6471        1.7628        1.8817        2.0024    
     2.1233        2.2430        2.3598        2.4723        2.5788    
     2.6780        2.7685        2.8490        2.9184        2.9759    
     3.0205        3.0519        3.0695        3.0734        3.0636    
     3.0407        3.0053        2.9583        2.9010        2.8345    
     2.7605        2.6806        2.5963        2.5094        2.4214    
     2.3339        2.2481        2.1653        2.0864        2.0122    
     1.9431        1.8794        1.8213        1.7685        1.7208    
     1.6776    
