    0.62676E-01   0.62675E-01   0.62668E-01   0.62648E-01   0.62635E-01
    0.62687E-01   0.62759E-01   0.62812E-01   0.62835E-01   0.62828E-01
    0.62823E-01   0.62808E-01   0.62745E-01   0.62645E-01   0.62525E-01
    0.62245E-01   0.62184E-01   0.61970E-01   0.61769E-01   0.61550E-01
    0.61331E-01   0.61140E-01   0.60929E-01   0.60817E-01   0.60743E-01
    0.60745E-01   0.60829E-01   0.60998E-01   0.61335E-01   0.61762E-01
    0.62337E-01   0.63066E-01   0.63943E-01   0.64972E-01   0.66149E-01
    0.67455E-01   0.68846E-01   0.70397E-01   0.71959E-01   0.73530E-01
    0.75075E-01   0.76533E-01   0.77846E-01   0.78984E-01   0.79881E-01
    0.80478E-01   0.80773E-01   0.80700E-01   0.80230E-01   0.79342E-01
    0.78053E-01   0.76368E-01   0.74294E-01   0.71873E-01   0.69152E-01
    0.66149E-01   0.62961E-01   0.59639E-01   0.56248E-01   0.52872E-01
    0.49565E-01
