    0.74656       0.74656       0.74665       0.74724       0.74892    
    0.75249       0.75877       0.76852       0.78209       0.79992    
    0.82894       0.86159       0.90298       0.95196        1.0211    
     1.0893        1.1658        1.2571        1.3526        1.4439    
     1.5572        1.6696        1.8045        1.9392        2.0672    
     2.1829        2.3033        2.4377        2.5370        2.6475    
     2.7503        2.8426        2.9460        2.9914        3.0835    
     3.1163        3.1408        3.1528        3.1297        3.1229    
     3.0950        3.0547        3.0049        2.9367        2.8649    
     2.7898        2.7099        2.6256        2.5410        2.4504    
     2.3582        2.2795        2.1955        2.1201        2.0420    
     1.9744        1.9132        1.8564        1.8006        1.7478    
     1.7029    
