    0.62857       0.62926       0.63132       0.63470       0.63929    
    0.64493       0.65136       0.65817       0.66489       0.67076    
    0.67497       0.67651       0.67432       0.66728       0.65446    
    0.63509       0.60877       0.57584       0.53706       0.49391    
    0.44838       0.40267       0.35912       0.31977       0.28583    
    0.25797       0.23589       0.21857       0.20456       0.19227    
    0.18030       0.16775       0.15425       0.14000       0.12559    
    0.11175       0.99180E-01   0.88356E-01   0.79421E-01   0.72211E-01
    0.66337E-01   0.61282E-01   0.56593E-01   0.51929E-01   0.47143E-01
    0.42273E-01   0.37489E-01   0.33024E-01   0.29081E-01   0.25792E-01
    0.23170E-01   0.21134E-01   0.19518E-01   0.18133E-01   0.16813E-01
    0.15443E-01   0.13984E-01   0.12464E-01   0.10956E-01   0.95538E-02
    0.83404E-02
