    0.61950E-01   0.61957E-01   0.61975E-01   0.62004E-01   0.62041E-01
    0.62082E-01   0.62122E-01   0.62156E-01   0.62180E-01   0.62189E-01
    0.62177E-01   0.62142E-01   0.62081E-01   0.61991E-01   0.61873E-01
    0.61729E-01   0.61561E-01   0.61374E-01   0.61174E-01   0.60971E-01
    0.60773E-01   0.60592E-01   0.60440E-01   0.60329E-01   0.60275E-01
    0.60293E-01   0.60396E-01   0.60599E-01   0.60917E-01   0.61362E-01
    0.61943E-01   0.62667E-01   0.63539E-01   0.64555E-01   0.65710E-01
    0.66990E-01   0.68376E-01   0.69842E-01   0.71355E-01   0.72878E-01
    0.74366E-01   0.75772E-01   0.77045E-01   0.78136E-01   0.78994E-01
    0.79572E-01   0.79830E-01   0.79732E-01   0.79254E-01   0.78380E-01
    0.77106E-01   0.75438E-01   0.73396E-01   0.71011E-01   0.68323E-01
    0.65382E-01   0.62247E-01   0.58980E-01   0.55649E-01   0.52321E-01
    0.49064E-01
