    0.61314E-01   0.61312E-01   0.61304E-01   0.61286E-01   0.61283E-01
    0.61335E-01   0.61399E-01   0.61446E-01   0.61466E-01   0.61459E-01
    0.61454E-01   0.61438E-01   0.61380E-01   0.61290E-01   0.61181E-01
    0.60939E-01   0.60876E-01   0.60689E-01   0.60514E-01   0.60328E-01
    0.60144E-01   0.59990E-01   0.59818E-01   0.59748E-01   0.59714E-01
    0.59753E-01   0.59871E-01   0.60073E-01   0.60428E-01   0.60871E-01
    0.61452E-01   0.62177E-01   0.63034E-01   0.64034E-01   0.65168E-01
    0.66419E-01   0.67750E-01   0.69215E-01   0.70694E-01   0.72172E-01
    0.73622E-01   0.74986E-01   0.76208E-01   0.77262E-01   0.78083E-01
    0.78618E-01   0.78866E-01   0.78765E-01   0.78282E-01   0.77403E-01
    0.76144E-01   0.74502E-01   0.72493E-01   0.70150E-01   0.67522E-01
    0.64621E-01   0.61542E-01   0.58331E-01   0.55052E-01   0.51782E-01
    0.48576E-01
