    0.64884E-01   0.64892E-01   0.64915E-01   0.64951E-01   0.64997E-01
    0.65048E-01   0.65099E-01   0.65143E-01   0.65175E-01   0.65189E-01
    0.65178E-01   0.65138E-01   0.65064E-01   0.64955E-01   0.64808E-01
    0.64625E-01   0.64409E-01   0.64164E-01   0.63897E-01   0.63618E-01
    0.63337E-01   0.63066E-01   0.62820E-01   0.62616E-01   0.62470E-01
    0.62400E-01   0.62425E-01   0.62563E-01   0.62833E-01   0.63249E-01
    0.63826E-01   0.64573E-01   0.65495E-01   0.66594E-01   0.67861E-01
    0.69283E-01   0.70838E-01   0.72497E-01   0.74223E-01   0.75970E-01
    0.77689E-01   0.79324E-01   0.80818E-01   0.82111E-01   0.83147E-01
    0.83871E-01   0.84237E-01   0.84205E-01   0.83747E-01   0.82847E-01
    0.81499E-01   0.79714E-01   0.77514E-01   0.74935E-01   0.72023E-01
    0.68838E-01   0.65444E-01   0.61913E-01   0.58321E-01   0.54743E-01
    0.51254E-01
