    0.62719       0.62757       0.62874       0.63091       0.63436    
    0.63948       0.64672       0.65650       0.66908       0.68032    
    0.70499       0.72878       0.76029       0.79852       0.84314    
    0.89903       0.95552        1.0207        1.1111        1.1513    
     1.2360        1.3225        1.4162        1.5170        1.6091    
     1.6983        1.7955        1.9087        1.9862        2.0750    
     2.1625        2.2466        2.3432        2.4113        2.4516    
     2.4882        2.4790        2.5660        2.5702        2.5731    
     2.5605        2.5392        2.5072        2.4616        2.4080    
     2.3566        2.2921        2.2226        2.1513        2.0853    
     2.0144        1.9425        1.8733        1.8093        1.7495    
     1.6926        1.6453        1.5987        1.5553        1.5160    
     1.4832    
