    0.47724       0.47786       0.47973       0.48295       0.48766    
    0.49406       0.50240       0.51293       0.52581       0.54027    
    0.55759       0.57793       0.60193       0.62954       0.66024    
    0.69487       0.73117       0.77279       0.81464       0.86247    
    0.90736       0.97551        1.0392        1.0996        1.1652    
     1.2291        1.3001        1.3729        1.4473        1.5207    
     1.5928        1.6634        1.7337        1.7910        1.8504    
     1.8971        1.9425        1.9738        1.9974        2.0123    
     2.0129        2.0046        1.9871        1.9632        1.9268    
     1.8835        1.8339        1.7799        1.7242        1.6666    
     1.6085        1.5514        1.4963        1.4452        1.3982    
     1.3546        1.3167        1.2839        1.2555        1.2327    
     1.2133    
