    0.62222       0.62256       0.62362       0.62560       0.62882    
    0.63368       0.64067       0.65032       0.66319       0.67982    
    0.70075       0.72644       0.75730       0.79365       0.83573    
    0.88368       0.93753       0.99725        1.0627        1.1335    
     1.2094        1.2898        1.3743        1.4621        1.5524    
     1.6444        1.7372        1.8296        1.9206        2.0091    
     2.0939        2.1737        2.2474        2.3138        2.3718    
     2.4204        2.4588        2.4863        2.5024        2.5069    
     2.4999        2.4816        2.4526        2.4137        2.3661    
     2.3108        2.2494        2.1834        2.1142        2.0434    
     1.9724        1.9027        1.8352        1.7712        1.7113    
     1.6561        1.6059        1.5607        1.5206        1.4850    
     1.4536    
