    0.67356       0.67377       0.67449       0.67597       0.67860    
    0.68291       0.68950       0.69905       0.71228       0.72988    
    0.75252       0.78079       0.81519       0.85613       0.90389    
    0.95862        1.0203        1.0889        1.1641        1.2455    
     1.3325        1.4245        1.5207        1.6202        1.7219    
     1.8248        1.9277        2.0294        2.1285        2.2238    
     2.3141        2.3980        2.4744        2.5421        2.6000    
     2.6473        2.6832        2.7073        2.7190        2.7184    
     2.7057        2.6813        2.6459        2.6004        2.5460    
     2.4841        2.4161        2.3435        2.2679        2.1909    
     2.1139        2.0383        1.9652        1.8957        1.8304    
     1.7699        1.7146        1.6644        1.6193        1.5790    
     1.5429    
