    0.70155       0.70200       0.70353       0.70696       0.71571    
    0.75879       0.70773       0.72042       0.73500       0.74778    
    0.78169       0.81000       0.84605       0.89273       0.94935    
     1.0141        1.0829        1.1628        1.2494        1.3273    
     1.4304        1.5321        1.6529        1.7740        1.8845    
     1.9934        2.1040        2.2293        2.3209        2.4225    
     2.5194        2.6092        2.6994        2.7698        2.7982    
     2.8875        2.9147        2.9212        2.9101        2.9094    
     2.8880        2.8549        2.8128        2.7527        2.6871    
     2.6237        2.5515        2.4715        2.3931        2.3118    
     2.2299        2.1529        2.0740        2.0030        1.9335    
     1.8695        1.8126        1.7595        1.7090        1.6613    
     1.6211    
