    0.38585       0.38665       0.38903       0.39302       0.39863    
    0.40590       0.41486       0.42556       0.43804       0.45238    
    0.46863       0.48689       0.50722       0.52974       0.55454    
    0.58176       0.61152       0.64397       0.67928       0.71760    
    0.75907       0.80385       0.85201       0.90359       0.95854    
     1.0167        1.0778        1.1414        1.2068        1.2734    
     1.3402        1.4062        1.4701        1.5307        1.5867    
     1.6368        1.6799        1.7150        1.7410        1.7575    
     1.7640        1.7604        1.7471        1.7245        1.6934    
     1.6550        1.6105        1.5614        1.5091        1.4552    
     1.4012        1.3486        1.2986        1.2523        1.2104    
     1.1737        1.1424        1.1165        1.0958        1.0798    
     1.0679    
