    0.73554       0.73548       0.73542       0.73579       0.73729    
    0.74079       0.74714       0.75697       0.77054       0.78683    
    0.81666       0.84854       0.88950       0.93714        1.0026    
     1.0703        1.1449        1.2333        1.3260        1.4146    
     1.5258        1.6350        1.7666        1.8976        2.0218    
     2.1354        2.2536        2.3857        2.4829        2.5910    
     2.6926        2.7842        2.8880        2.9334        3.0235    
     3.0575        3.0842        3.0951        3.0756        3.0698    
     3.0437        3.0051        2.9589        2.8908        2.8211    
     2.7479        2.6710        2.5876        2.5043        2.4163    
     2.3267        2.2485        2.1658        2.0914        2.0157    
     1.9486        1.8887        1.8329        1.7784        1.7269    
     1.6831    
