    0.59393E-01   0.59399E-01   0.59414E-01   0.59438E-01   0.59468E-01
    0.59501E-01   0.59533E-01   0.59561E-01   0.59579E-01   0.59584E-01
    0.59572E-01   0.59541E-01   0.59488E-01   0.59413E-01   0.59316E-01
    0.59199E-01   0.59066E-01   0.58921E-01   0.58771E-01   0.58624E-01
    0.58488E-01   0.58373E-01   0.58291E-01   0.58252E-01   0.58270E-01
    0.58355E-01   0.58522E-01   0.58780E-01   0.59142E-01   0.59617E-01
    0.60212E-01   0.60931E-01   0.61777E-01   0.62746E-01   0.63831E-01
    0.65019E-01   0.66293E-01   0.67628E-01   0.68995E-01   0.70360E-01
    0.71684E-01   0.72925E-01   0.74038E-01   0.74979E-01   0.75703E-01
    0.76169E-01   0.76341E-01   0.76188E-01   0.75687E-01   0.74824E-01
    0.73596E-01   0.72008E-01   0.70077E-01   0.67830E-01   0.65305E-01
    0.62545E-01   0.59603E-01   0.56536E-01   0.53404E-01   0.50271E-01
    0.47196E-01
