    0.82738       0.82732       0.82730       0.82770       0.82917    
    0.83254       0.83881       0.84908       0.86450       0.88621    
    0.91529       0.95270       0.99925        1.0556        1.1221    
     1.1991        1.2863        1.3836        1.4903        1.6056    
     1.7284        1.8575        1.9912        2.1281        2.2662    
     2.4037        2.5388        2.6695        2.7941        2.9108    
     3.0180        3.1143        3.1984        3.2691        3.3257    
     3.3675        3.3940        3.4053        3.4012        3.3824    
     3.3493        3.3029        3.2445        3.1752        3.0968    
     3.0108        2.9189        2.8231        2.7249        2.6260    
     2.5281        2.4324        2.3402        2.2524        2.1697    
     2.0925        2.0213        1.9559        1.8963        1.8420    
     1.7927    
