    0.77811       0.77812       0.77828       0.77893       0.78065    
    0.78417       0.79038       0.80024       0.81478       0.83499    
    0.86183       0.89615       0.93867       0.98995        1.0504    
     1.1201        1.1991        1.2871        1.3837        1.4881    
     1.5994        1.7166        1.8384        1.9633        2.0898    
     2.2163        2.3411        2.4626        2.5791        2.6891    
     2.7910        2.8834        2.9651        3.0351        3.0923    
     3.1360        3.1658        3.1813        3.1826        3.1699    
     3.1437        3.1047        3.0539        2.9927        2.9223    
     2.8444        2.7605        2.6724        2.5818        2.4903    
     2.3993        2.3103        2.2244        2.1426        2.0655    
     1.9937        1.9276        1.8670        1.8119        1.7619    
     1.7167    
