    0.51121       0.51154       0.51255       0.51431       0.51693    
    0.52055       0.52536       0.53158       0.53945       0.54921    
    0.56114       0.57549       0.59254       0.61253       0.63569    
    0.66225       0.69239       0.72629       0.76408       0.80586    
    0.85168       0.90157       0.95546        1.0132        1.0746    
     1.1393        1.2067        1.2764        1.3476        1.4193    
     1.4905        1.5600        1.6267        1.6892        1.7462    
     1.7965        1.8389        1.8724        1.8962        1.9097    
     1.9126        1.9049        1.8870        1.8593        1.8228    
     1.7785        1.7279        1.6724        1.6135        1.5528    
     1.4920        1.4324        1.3755        1.3223        1.2738    
     1.2306        1.1932        1.1616        1.1356        1.1150    
     1.0992    
