    0.79403       0.79408       0.79436       0.79520       0.79718    
    0.80102       0.80760       0.81776       0.83192       0.85568    
    0.88296       0.91801       0.96287        1.0165        1.1021    
     1.1697        1.2623        1.3682        1.4607        1.5677    
     1.6941        1.8206        1.9696        2.1192        2.2604    
     2.3873        2.5184        2.6729        2.7692        2.8938    
     2.9975        3.0940        3.2007        3.2715        3.3313    
     3.3633        3.3855        3.3978        3.3622        3.3508    
     3.3179        3.2672        3.2048        3.1304        3.0514    
     2.9670        2.8760        2.7873        2.6959        2.5958    
     2.5021        2.4119        2.3219        2.2408        2.1580    
     2.0836        2.0168        1.9557        1.8948        1.8360    
     1.7863    
