    0.37598       0.37682       0.37933       0.38349       0.38926    
    0.39661       0.40548       0.41606       0.42929       0.44357    
    0.45844       0.47651       0.49603       0.51819       0.54305    
    0.56830       0.59684       0.62746       0.66091       0.69681    
    0.73773       0.78160       0.82951       0.88063       0.93476    
    0.99241        1.0528        1.1165        1.1813        1.2486    
     1.3141        1.3794        1.4437        1.5053        1.5615    
     1.6108        1.6542        1.6896        1.7178        1.7326    
     1.7389        1.7344        1.7204        1.6986        1.6678    
     1.6290        1.5845        1.5348        1.4834        1.4298    
     1.3764        1.3242        1.2742        1.2302        1.1887    
     1.1515        1.1206        1.0959        1.0764        1.0624    
     1.0493    
