    0.72969E-01   0.72981E-01   0.73015E-01   0.73063E-01   0.73103E-01
    0.73133E-01   0.73273E-01   0.73437E-01   0.73535E-01   0.73533E-01
    0.73562E-01   0.73628E-01   0.73537E-01   0.73366E-01   0.73127E-01
    0.72120E-01   0.72424E-01   0.71917E-01   0.71406E-01   0.70831E-01
    0.70221E-01   0.69632E-01   0.69298E-01   0.68479E-01   0.67973E-01
    0.67637E-01   0.67439E-01   0.67356E-01   0.67646E-01   0.68097E-01
    0.68817E-01   0.69811E-01   0.71204E-01   0.72882E-01   0.74771E-01
    0.76997E-01   0.79452E-01   0.82100E-01   0.84871E-01   0.87660E-01
    0.90387E-01   0.93016E-01   0.95473E-01   0.97566E-01   0.99260E-01
    0.10047       0.10115       0.10126       0.10071       0.99536E-01
    0.97712E-01   0.95275E-01   0.92272E-01   0.88772E-01   0.84889E-01
    0.80605E-01   0.76129E-01   0.71526E-01   0.66903E-01   0.62392E-01
    0.58054E-01
