    0.42437E-01   0.42442E-01   0.42455E-01   0.42476E-01   0.42502E-01
    0.42531E-01   0.42558E-01   0.42580E-01   0.42593E-01   0.42594E-01
    0.42578E-01   0.42543E-01   0.42486E-01   0.42407E-01   0.42305E-01
    0.42181E-01   0.42038E-01   0.41880E-01   0.41713E-01   0.41543E-01
    0.41378E-01   0.41228E-01   0.41105E-01   0.41020E-01   0.40986E-01
    0.41017E-01   0.41129E-01   0.41334E-01   0.41649E-01   0.42086E-01
    0.42657E-01   0.43371E-01   0.44235E-01   0.45249E-01   0.46411E-01
    0.47711E-01   0.49134E-01   0.50659E-01   0.52256E-01   0.53893E-01
    0.55528E-01   0.57118E-01   0.58615E-01   0.59971E-01   0.61138E-01
    0.62070E-01   0.62726E-01   0.63072E-01   0.63079E-01   0.62732E-01
    0.62022E-01   0.60954E-01   0.59543E-01   0.57815E-01   0.55804E-01
    0.53557E-01   0.51125E-01   0.48565E-01   0.45937E-01   0.43304E-01
    0.40726E-01
