    0.73215       0.73271       0.73445       0.73714       0.74064    
    0.74473       0.74897       0.75283       0.75585       0.75714    
    0.75582       0.75093       0.74148       0.72649       0.70525    
    0.67730       0.64277       0.60224       0.55698       0.50867    
    0.45952       0.41178       0.36756       0.32846       0.29535    
    0.26816       0.24667       0.22915       0.21425       0.20047    
    0.18670       0.17233       0.15725       0.14190       0.12690    
    0.11296       0.10061       0.90145E-01   0.81507E-01   0.74414E-01
    0.68417E-01   0.63019E-01   0.57850E-01   0.52681E-01   0.47468E-01
    0.42321E-01   0.37441E-01   0.33043E-01   0.29266E-01   0.26178E-01
    0.23723E-01   0.21765E-01   0.20120E-01   0.18614E-01   0.17111E-01
    0.15547E-01   0.13921E-01   0.12298E-01   0.10763E-01   0.94043E-02
    0.82798E-02
