    0.88274       0.88302       0.88379       0.88485       0.88591    
    0.88657       0.88625       0.88442       0.88027       0.87304    
    0.86192       0.84604       0.82453       0.79697       0.76301    
    0.72280       0.67703       0.62690       0.57409       0.52015    
    0.46789       0.41908       0.37531       0.33755       0.30596    
    0.28001       0.25869       0.24046       0.22409       0.20795    
    0.19179       0.17531       0.15865       0.14247       0.12730    
    0.11369       0.10192       0.92003E-01   0.83698E-01   0.76607E-01
    0.70267E-01   0.64306E-01   0.58489E-01   0.52731E-01   0.47123E-01
    0.41828E-01   0.37025E-01   0.32866E-01   0.29400E-01   0.26581E-01
    0.24282E-01   0.22330E-01   0.20551E-01   0.18815E-01   0.17052E-01
    0.15262E-01   0.13497E-01   0.11842E-01   0.10377E-01   0.91579E-02
    0.81998E-02
