    0.54468       0.54519       0.54676       0.54952       0.55366    
    0.55943       0.56714       0.57712       0.58973       0.60530    
    0.62417       0.64664       0.67299       0.70343       0.73815    
    0.77727       0.82087       0.86899       0.92159       0.97860    
     1.0399        1.1052        1.1742        1.2466        1.3220    
     1.3997        1.4790        1.5593        1.6396        1.7190    
     1.7964        1.8706        1.9406        2.0050        2.0627    
     2.1127        2.1539        2.1854        2.2067        2.2173    
     2.2170        2.2060        2.1847        2.1538        2.1141    
     2.0669        2.0135        1.9553        1.8938        1.8306    
     1.7671        1.7046        1.6444        1.5876        1.5348    
     1.4867        1.4437        1.4056        1.3725        1.3440    
     1.3195    
