    0.91107       0.91127       0.91182       0.91249       0.91295    
    0.91281       0.91142       0.90843       0.90256       0.89341    
    0.88020       0.86216       0.83805       0.80795       0.77159    
    0.72913       0.68135       0.62958       0.57533       0.52093    
    0.46838       0.41960       0.37613       0.33871       0.30745    
    0.28168       0.26040       0.24201       0.22512       0.20875    
    0.19219       0.17538       0.15852       0.14227       0.12716    
    0.11367       0.10202       0.92218E-01   0.83960E-01   0.76846E-01
    0.70421E-01   0.64360E-01   0.58429E-01   0.52594E-01   0.46942E-01
    0.41655E-01   0.36892E-01   0.32792E-01   0.29388E-01   0.26613E-01
    0.24332E-01   0.22368E-01   0.20555E-01   0.18774E-01   0.16966E-01
    0.15147E-01   0.13372E-01   0.11727E-01   0.10289E-01   0.91050E-02
    0.81805E-02
