 PEAK_POSITION PEAK_ENERGY CROSS_SECTION ERROR
0 1861.67 0.0 3.7167735644592264 0.05150096827884108
1 1702.0 108.985466344 0.04309302683437477 0.003926790774238967
2 1664.89 136.0 2.953247647527411 0.042570944837799475
3 0.0 227.0 0.0 
4 1444.51 292.0 0.3039433701208101 0.009358241028097389
5 1382.9 338.0 0.01673293063252676 0.002757061217212243
6 1283.6 412.18923488900003 0.016045275949008075 0.0029853065101032783
7 1265.26 426.0 0.5421011088469795 0.013800435531385977
8 1243.62 442.0 0.5501237468239016 0.014045976662201065
9 1171.89 498.0 0.41190515543267603 0.011309164337284175
10 1140.62 522.0 0.3115075716384111 0.00981646813844943
11 0.0 568.0 0.0 
12 1007.7 627.529373269 0.035758043543449115 0.003917446750168426
13 994.5 638.1388234140001 0.03438273417653117 0.003915886111516608
14 961.7 665.0 0.7930950683356272 0.017173258056619737
15 930.3 690.0 0.14234451949048677 0.007956455310875044
16 918.6 699.686926476 0.025901659746228597 0.005508959615108826
17 884.5 727.640577835 0.00871029265802272 0.0020652930893443368
18 822.2 779.0 0.20446265923563461 0.007687646382701681
19 773.4 820.0 0.19391862075513425 0.00743353822709067
20 722.8 863.0 0.026818532657616696 0.0029950920681671013
21 668.0 909.480023125 0.0036674916454926773 0.0018342105434971834
22 595.0 972.4923647530001 0.00710576506311594 0.002064514347355287
23 567.1 996.8015171610001 0.027276969113295815 0.0034519581519014972
24 550.4 1011.4120452 0.012607002531354957 0.002754277650569766
25 480.6 1072.96427387 0.05615846582143869 0.0066773238612641275
26 469.1 1083.1805765000001 0.07403748759316325 0.006699376988690391
27 443.0 1106.44604938 0.05615846582143869 0.0046277505035460026
28 0.0 1134.0 0.0 
29 315.75 1221.44540895 0.15403464911033424 0.00642722779707732
30 293.6 1241.72906144 0.012377784303515396 0.00252524784778259
31 275.28 1258.56504201 0.11460911392127301 0.005650507777397359
32 252.08 1279.96316885 0.2140898248052544 0.007938874300602425
33 0.0 1315.0 0.0 
34 0.0 1342.0 0.0 
35 0.0 1355.0 0.0 
36 0.0 1412.0 0.0 
37 0.0 1476.0 0.0 
38 0.0 1484.0 0.0 
