 "Unnamed: 0" PEAK_POSITION PEAK_ENERGY CROSS_SECTION ERROR
0 0 1861.04 0.0 0.8716585629653005 0.12886448140401566
1 1 1704.0 107.00969055200001 0.057912579140863486 0.010616434561915635
2 2 1664.14 136.0 6.036272671990574 0.8819426251347292
3 3 0.0 227.0 0.0 
4 4 1442.5 292.0 0.2667938474949518 0.04082139530279911
5 5 1381.5 338.0 0.03563851024037126 0.007526475638014037
6 6 1283.2 411.97747028199996 0.0499929101985918 0.009723192683846145
7 7 1264.7 426.0 0.2267005234741253 0.0354716296558916
8 8 1243.66 442.0 1.0419314452260748 0.1538455967227743
9 9 1172.1 498.0 0.2232356683120115 0.034649568888421474
10 10 1140.69 522.0 0.7657329908610415 0.11356881142647876
11 11 0.0 568.0 0.0 
12 12 1008.0 626.90566888 0.027718841298159047 0.006390240191125111
13 13 992.8 639.1334811209999 0.041083282638275966 0.00843586987822578
14 14 961.1 665.0 1.876466560022897 0.27554689417870626
15 15 929.5 690.0 0.314311861149474 0.04882144486365246
16 16 917.4 700.342015981 0.033163613696004283 0.011914880459749136
17 17 883.8 727.9139896319998 0.027718841298159047 0.006390240191125111
18 18 821.5 779.0 0.1618582340090342 0.02559239921234692
19 19 773.4 820.0 0.3900436954088876 0.05877807060604376
20 20 722.8 863.0 0.0242539861358966 0.006083314898233239
21 21 685.4 894.4403113330002 0.016334317193565446 0.0050515068719942414
22 22 597.0 970.6877546489999 0.010889544795720206 0.004266302390727984
23 23 568.7 995.364227778 0.03266863438713089 0.00761380810033193
24 24 552.9 1009.19751746 0.03217365507825749 0.0075688654550875815
25 25 0.0 1071.0 0.0 
26 26 0.0 1082.0 0.0 
27 27 0.0 1105.0 0.0 
28 28 0.0 1134.0 0.0 
29 29 315.9 1221.53951521 0.046528055036180675 0.009350427703193612
30 30 299.0 1237.02802449 0.00940460686901081 0.0046610871642636395
31 31 277.1 1257.16761351 0.053457765360705574 0.010107468211229185
32 32 253.0 1279.4199627 0.42568220564896153 0.06405696323068887
33 33 218.8 1311.15914346 0.02474896544479973 0.006532035188711881
34 34 184.6 1343.08740182 0.10097577901463306 0.017741763796263518
35 35 170.9 1355.0 0.3964784264260259 0.060072998100703975
36 36 0.0 1412.0 0.0 
37 37 45.1 1476.0 0.5325977363721568 0.08181128758873032
38 38 35.1 1484.87660661 0.057417599831990095 0.022411542598662022
