    0.83102       0.83097       0.83093       0.83132       0.83278    
    0.83614       0.84243       0.85274       0.86824       0.89007    
    0.91931       0.95695        1.0038        1.0605        1.1275    
     1.2050        1.2928        1.3908        1.4982        1.6143    
     1.7379        1.8679        2.0025        2.1402        2.2792    
     2.4175        2.5533        2.6848        2.8099        2.9271    
     3.0347        3.1313        3.2155        3.2863        3.3429    
     3.3845        3.4108        3.4217        3.4173        3.3980    
     3.3644        3.3175        3.2585        3.1886        3.1096    
     3.0230        2.9305        2.8341        2.7353        2.6359    
     2.5375        2.4413        2.3486        2.2603        2.1772    
     2.0997        2.0281        1.9624        1.9024        1.8478    
     1.7982    
