    0.66017E-01   0.66026E-01   0.66051E-01   0.66091E-01   0.66141E-01
    0.66197E-01   0.66253E-01   0.66302E-01   0.66339E-01   0.66355E-01
    0.66345E-01   0.66302E-01   0.66224E-01   0.66105E-01   0.65946E-01
    0.65747E-01   0.65509E-01   0.65239E-01   0.64943E-01   0.64630E-01
    0.64313E-01   0.64003E-01   0.63718E-01   0.63473E-01   0.63288E-01
    0.63182E-01   0.63175E-01   0.63288E-01   0.63540E-01   0.63948E-01
    0.64528E-01   0.65291E-01   0.66242E-01   0.67382E-01   0.68705E-01
    0.70196E-01   0.71831E-01   0.73580E-01   0.75403E-01   0.77253E-01
    0.79076E-01   0.80813E-01   0.82404E-01   0.83785E-01   0.84897E-01
    0.85682E-01   0.86092E-01   0.86085E-01   0.85632E-01   0.84715E-01
    0.83331E-01   0.81490E-01   0.79217E-01   0.76549E-01   0.73538E-01
    0.70245E-01   0.66738E-01   0.63093E-01   0.59389E-01   0.55704E-01
    0.52117E-01
