    0.42397       0.42474       0.42704       0.43088       0.43629    
    0.44330       0.45206       0.46294       0.47574       0.49018    
    0.50656       0.52494       0.54631       0.57070       0.59682    
    0.62687       0.65944       0.69476       0.73137       0.77001    
    0.81360       0.86482       0.92169       0.97907        1.0362    
     1.0966        1.1631        1.2294        1.2992        1.3691    
     1.4371        1.5049        1.5689        1.6352        1.6883    
     1.7379        1.7824        1.8162        1.8423        1.8565    
     1.8620        1.8557        1.8405        1.8187        1.7857    
     1.7451        1.6983        1.6471        1.5939        1.5387    
     1.4834        1.4291        1.3770        1.3291        1.2857    
     1.2459        1.2119        1.1837        1.1608        1.1404    
     1.1259    
