    0.57935       0.57978       0.58113       0.58354       0.58728    
    0.59264       0.60002       0.60984       0.62253       0.63853    
    0.65825       0.68206       0.71030       0.74322       0.78103    
    0.82387       0.87180       0.92480       0.98281        1.0456    
     1.1131        1.1848        1.2603        1.3392        1.4209    
     1.5047        1.5897        1.6751        1.7600        1.8432    
     1.9237        2.0003        2.0719        2.1372        2.1951    
     2.2446        2.2847        2.3146        2.3338        2.3419    
     2.3389        2.3249        2.3005        2.2664        2.2235    
     2.1730        2.1163        2.0549        1.9903        1.9240    
     1.8574        1.7919        1.7287        1.6688        1.6130    
     1.5618        1.5156        1.4745        1.4383        1.4067    
     1.3791    
