    0.92740       0.92756       0.92796       0.92839       0.92849    
    0.92785       0.92584       0.92190       0.91523       0.90494    
    0.89048       0.87094       0.84551       0.81396       0.77619    
    0.73242       0.68350       0.63082       0.57595       0.52116    
    0.46847       0.41976       0.37650       0.33929       0.30821    
    0.28257       0.26129       0.24277       0.22572       0.20911    
    0.19233       0.17535       0.15839       0.14212       0.12705    
    0.11363       0.10206       0.92318E-01   0.84087E-01   0.76954E-01
    0.70466E-01   0.64362E-01   0.58369E-01   0.52490E-01   0.46820E-01
    0.41537E-01   0.36805E-01   0.32742E-01   0.29373E-01   0.26622E-01
    0.24350E-01   0.22377E-01   0.20544E-01   0.18737E-01   0.16909E-01
    0.15071E-01   0.13294E-01   0.11657E-01   0.10236E-01   0.90732E-02
    0.81682E-02
