    0.30465E-01   0.30467E-01   0.30473E-01   0.30487E-01   0.30514E-01
    0.30559E-01   0.30629E-01   0.30730E-01   0.30865E-01   0.31037E-01
    0.31245E-01   0.31486E-01   0.31755E-01   0.32045E-01   0.32350E-01
    0.32666E-01   0.32992E-01   0.33337E-01   0.33717E-01   0.34160E-01
    0.34705E-01   0.35405E-01   0.36323E-01   0.37528E-01   0.39095E-01
    0.41094E-01   0.43588E-01   0.46622E-01   0.50220E-01   0.54375E-01
    0.59049E-01   0.64170E-01   0.69630E-01   0.75291E-01   0.80992E-01
    0.86554E-01   0.91790E-01   0.96517E-01   0.10057       0.10380    
    0.10609       0.10738       0.10763       0.10685       0.10511    
    0.10250       0.99149E-01   0.95209E-01   0.90852E-01   0.86255E-01
    0.81593E-01   0.77032E-01   0.72718E-01   0.68777E-01   0.65303E-01
    0.62364E-01   0.59994E-01   0.58200E-01   0.56959E-01   0.56227E-01
    0.55938E-01
