    0.42970E-01   0.42976E-01   0.42991E-01   0.43016E-01   0.43047E-01
    0.43081E-01   0.43114E-01   0.43143E-01   0.43162E-01   0.43167E-01
    0.43155E-01   0.43121E-01   0.43064E-01   0.42980E-01   0.42871E-01
    0.42736E-01   0.42579E-01   0.42403E-01   0.42213E-01   0.42018E-01
    0.41825E-01   0.41646E-01   0.41491E-01   0.41375E-01   0.41312E-01
    0.41318E-01   0.41408E-01   0.41599E-01   0.41908E-01   0.42350E-01
    0.42938E-01   0.43682E-01   0.44590E-01   0.45664E-01   0.46901E-01
    0.48292E-01   0.49819E-01   0.51459E-01   0.53182E-01   0.54950E-01
    0.56719E-01   0.58442E-01   0.60068E-01   0.61544E-01   0.62817E-01
    0.63839E-01   0.64566E-01   0.64961E-01   0.64994E-01   0.64648E-01
    0.63915E-01   0.62802E-01   0.61323E-01   0.59509E-01   0.57397E-01
    0.55037E-01   0.52484E-01   0.49800E-01   0.47049E-01   0.44297E-01
    0.41608E-01
