    0.67264E-01   0.67273E-01   0.67301E-01   0.67345E-01   0.67401E-01
    0.67463E-01   0.67526E-01   0.67582E-01   0.67624E-01   0.67644E-01
    0.67636E-01   0.67592E-01   0.67508E-01   0.67380E-01   0.67206E-01
    0.66987E-01   0.66725E-01   0.66425E-01   0.66094E-01   0.65742E-01
    0.65382E-01   0.65027E-01   0.64694E-01   0.64403E-01   0.64173E-01
    0.64026E-01   0.63984E-01   0.64069E-01   0.64303E-01   0.64706E-01
    0.65293E-01   0.66078E-01   0.67068E-01   0.68263E-01   0.69657E-01
    0.71234E-01   0.72969E-01   0.74829E-01   0.76772E-01   0.78746E-01
    0.80694E-01   0.82555E-01   0.84261E-01   0.85746E-01   0.86947E-01
    0.87803E-01   0.88262E-01   0.88281E-01   0.87829E-01   0.86888E-01
    0.85457E-01   0.83546E-01   0.81183E-01   0.78408E-01   0.75277E-01
    0.71854E-01   0.68212E-01   0.64432E-01   0.60596E-01   0.56788E-01
    0.53088E-01
