    0.49087       0.49150       0.49342       0.49669       0.50145    
    0.50786       0.51611       0.52643       0.53906       0.55425    
    0.57224       0.59326       0.61754       0.64526       0.67657    
    0.71160       0.75044       0.79315       0.83975       0.89022    
    0.94449        1.0025        1.0640        1.1288        1.1966    
     1.2670        1.3394        1.4132        1.4876        1.5617    
     1.6346        1.7052        1.7722        1.8345        1.8908    
     1.9401        1.9814        2.0137        2.0363        2.0489    
     2.0511        2.0431        2.0251        1.9979        1.9623    
     1.9193        1.8703        1.8165        1.7596        1.7009    
     1.6418        1.5838        1.5281        1.4756        1.4272    
     1.3834        1.3445        1.3108        1.2819        1.2575    
     1.2370    
