    0.71576E-01   0.71590E-01   0.71633E-01   0.71700E-01   0.71786E-01
    0.71885E-01   0.71987E-01   0.72083E-01   0.72162E-01   0.72213E-01
    0.72225E-01   0.72189E-01   0.72096E-01   0.71940E-01   0.71717E-01
    0.71425E-01   0.71066E-01   0.70645E-01   0.70171E-01   0.69656E-01
    0.69117E-01   0.68573E-01   0.68047E-01   0.67566E-01   0.67158E-01
    0.66853E-01   0.66684E-01   0.66683E-01   0.66879E-01   0.67301E-01
    0.67973E-01   0.68912E-01   0.70128E-01   0.71621E-01   0.73383E-01
    0.75391E-01   0.77613E-01   0.80002E-01   0.82502E-01   0.85046E-01
    0.87557E-01   0.89956E-01   0.92156E-01   0.94075E-01   0.95632E-01
    0.96754E-01   0.97377E-01   0.97453E-01   0.96947E-01   0.95844E-01
    0.94145E-01   0.91873E-01   0.89066E-01   0.85782E-01   0.82092E-01
    0.78080E-01   0.73840E-01   0.69470E-01   0.65072E-01   0.60746E-01
    0.56586E-01
