    0.64683       0.64718       0.64829       0.65036       0.65373    
    0.65880       0.66607       0.67598       0.68842       0.69732    
    0.72342       0.74974       0.78314       0.82538       0.86983    
    0.92826       0.98790        1.0561        1.1362        1.1951    
     1.2848        1.3751        1.4761        1.5828        1.6844    
     1.7717        1.8738        1.9762        2.0709        2.1709    
     2.2508        2.3385        2.4326        2.5048        2.5429    
     2.5706        2.6594        2.6546        2.6574        2.6592    
     2.6444        2.6198        2.5855        2.5360        2.4804    
     2.4262        2.3595        2.2870        2.1612        2.1479    
     2.0719        1.9973        1.9261        1.8601        1.7982    
     1.7386        1.6896        1.6440        1.5959        1.5545    
     1.5197    
