    0.61612E-01   0.61610E-01   0.61602E-01   0.61583E-01   0.61577E-01
    0.61629E-01   0.61696E-01   0.61744E-01   0.61764E-01   0.61757E-01
    0.61752E-01   0.61736E-01   0.61677E-01   0.61585E-01   0.61474E-01
    0.61224E-01   0.61161E-01   0.60968E-01   0.60788E-01   0.60595E-01
    0.60404E-01   0.60242E-01   0.60062E-01   0.59984E-01   0.59941E-01
    0.59973E-01   0.60083E-01   0.60278E-01   0.60629E-01   0.61068E-01
    0.61648E-01   0.62373E-01   0.63234E-01   0.64239E-01   0.65381E-01
    0.66643E-01   0.67985E-01   0.69468E-01   0.70962E-01   0.72460E-01
    0.73929E-01   0.75311E-01   0.76552E-01   0.77622E-01   0.78459E-01
    0.79006E-01   0.79264E-01   0.79169E-01   0.78688E-01   0.77807E-01
    0.76542E-01   0.74892E-01   0.72869E-01   0.70510E-01   0.67863E-01
    0.64942E-01   0.61840E-01   0.58606E-01   0.55305E-01   0.52013E-01
    0.48786E-01
