    0.89682       0.89707       0.89773       0.89860       0.89937    
    0.89963       0.89879       0.89636       0.89140       0.88326    
    0.87109       0.85407       0.83134       0.80249       0.76737    
    0.72604       0.67927       0.62832       0.57464       0.52060    
    0.46819       0.41940       0.37575       0.33815       0.30672    
    0.28087       0.25956       0.24125       0.22453       0.20837    
    0.19201       0.17535       0.15860       0.14238       0.12724    
    0.11369       0.10198       0.92116E-01   0.83835E-01   0.76734E-01
    0.70354E-01   0.64341E-01   0.58468E-01   0.52669E-01   0.47038E-01
    0.41746E-01   0.36961E-01   0.32831E-01   0.29396E-01   0.26599E-01
    0.24309E-01   0.22352E-01   0.20557E-01   0.18798E-01   0.17013E-01
    0.15207E-01   0.13437E-01   0.11786E-01   0.10334E-01   0.91319E-02
    0.81905E-02
