    0.63721       0.63757       0.63871       0.64083       0.64423    
    0.64932       0.65657       0.66643       0.67901       0.68924    
    0.71427       0.73959       0.77228       0.81064       0.85719    
    0.91441       0.97262        1.0394        1.1211        1.1745    
     1.2621        1.3506        1.4482        1.5521        1.6495    
     1.7379        1.8379        1.9418        2.0318        2.1274    
     2.2095        2.2962        2.3908        2.4625        2.5010    
     2.5334        2.5683        2.6135        2.6172        2.6196    
     2.6057        2.5827        2.5495        2.5014        2.4470    
     2.3940        2.3283        2.2572        2.1806        2.1184    
     2.0458        1.9718        1.9016        1.8364        1.7755    
     1.7168        1.6690        1.6253        1.5769        1.5365    
     1.5026    
