    0.40264       0.40344       0.40586       0.40987       0.41548    
    0.42267       0.43148       0.44235       0.45450       0.46928    
    0.48533       0.50353       0.52405       0.54730       0.57341    
    0.60084       0.63131       0.66444       0.69950       0.73670    
    0.77958       0.82782       0.87951       0.93355       0.98891    
     1.0496        1.1120        1.1783        1.2450        1.3139    
     1.3814        1.4470        1.5129        1.5749        1.6298    
     1.6793        1.7238        1.7579        1.7856        1.8003    
     1.8062        1.8004        1.7863        1.7633        1.7334    
     1.6924        1.6467        1.5963        1.5440        1.4896    
     1.4352        1.3819        1.3311        1.2856        1.2429    
     1.2029        1.1715        1.1443        1.1230        1.1040    
     1.0917    
