    0.44295E-01   0.44304E-01   0.44328E-01   0.44366E-01   0.44416E-01
    0.44471E-01   0.44528E-01   0.44581E-01   0.44622E-01   0.44647E-01
    0.44648E-01   0.44621E-01   0.44561E-01   0.44465E-01   0.44331E-01
    0.44159E-01   0.43951E-01   0.43711E-01   0.43446E-01   0.43164E-01
    0.42877E-01   0.42598E-01   0.42342E-01   0.42128E-01   0.41976E-01
    0.41906E-01   0.41943E-01   0.42108E-01   0.42425E-01   0.42915E-01
    0.43598E-01   0.44487E-01   0.45594E-01   0.46921E-01   0.48465E-01
    0.50213E-01   0.52142E-01   0.54223E-01   0.56414E-01   0.58665E-01
    0.60921E-01   0.63118E-01   0.65192E-01   0.67075E-01   0.68702E-01
    0.70013E-01   0.70953E-01   0.71479E-01   0.71557E-01   0.71168E-01
    0.70309E-01   0.68988E-01   0.67232E-01   0.65079E-01   0.62581E-01
    0.59801E-01   0.56809E-01   0.53682E-01   0.50499E-01   0.47338E-01
    0.44277E-01
