    0.57978E-01   0.57983E-01   0.57996E-01   0.58018E-01   0.58044E-01
    0.58074E-01   0.58102E-01   0.58125E-01   0.58140E-01   0.58143E-01
    0.58131E-01   0.58101E-01   0.58051E-01   0.57983E-01   0.57895E-01
    0.57792E-01   0.57675E-01   0.57551E-01   0.57425E-01   0.57305E-01
    0.57199E-01   0.57118E-01   0.57070E-01   0.57067E-01   0.57121E-01
    0.57242E-01   0.57441E-01   0.57729E-01   0.58115E-01   0.58608E-01
    0.59213E-01   0.59934E-01   0.60771E-01   0.61721E-01   0.62776E-01
    0.63923E-01   0.65145E-01   0.66419E-01   0.67718E-01   0.69008E-01
    0.70253E-01   0.71414E-01   0.72448E-01   0.73315E-01   0.73973E-01
    0.74383E-01   0.74510E-01   0.74328E-01   0.73813E-01   0.72954E-01
    0.71746E-01   0.70196E-01   0.68319E-01   0.66140E-01   0.63695E-01
    0.61025E-01   0.58180E-01   0.55215E-01   0.52185E-01   0.49152E-01
    0.46172E-01
