    0.59366E-01   0.59371E-01   0.59387E-01   0.59411E-01   0.59441E-01
    0.59474E-01   0.59506E-01   0.59533E-01   0.59551E-01   0.59556E-01
    0.59544E-01   0.59513E-01   0.59460E-01   0.59385E-01   0.59288E-01
    0.59172E-01   0.59039E-01   0.58895E-01   0.58745E-01   0.58598E-01
    0.58463E-01   0.58349E-01   0.58267E-01   0.58229E-01   0.58247E-01
    0.58333E-01   0.58500E-01   0.58760E-01   0.59122E-01   0.59597E-01
    0.60192E-01   0.60912E-01   0.61757E-01   0.62726E-01   0.63810E-01
    0.64998E-01   0.66270E-01   0.67604E-01   0.68970E-01   0.70334E-01
    0.71656E-01   0.72895E-01   0.74007E-01   0.74946E-01   0.75669E-01
    0.76135E-01   0.76306E-01   0.76152E-01   0.75651E-01   0.74788E-01
    0.73560E-01   0.71973E-01   0.70043E-01   0.67798E-01   0.65274E-01
    0.62516E-01   0.59576E-01   0.56511E-01   0.53381E-01   0.50250E-01
    0.47177E-01
