    0.43910E-01   0.43917E-01   0.43938E-01   0.43971E-01   0.44013E-01
    0.44061E-01   0.44109E-01   0.44152E-01   0.44185E-01   0.44202E-01
    0.44198E-01   0.44168E-01   0.44108E-01   0.44016E-01   0.43890E-01
    0.43731E-01   0.43541E-01   0.43324E-01   0.43085E-01   0.42834E-01
    0.42580E-01   0.42335E-01   0.42114E-01   0.41933E-01   0.41811E-01
    0.41765E-01   0.41817E-01   0.41987E-01   0.42296E-01   0.42763E-01
    0.43405E-01   0.44235E-01   0.45263E-01   0.46492E-01   0.47918E-01
    0.49530E-01   0.51308E-01   0.53225E-01   0.55242E-01   0.57316E-01
    0.59395E-01   0.61421E-01   0.63334E-01   0.65073E-01   0.66577E-01
    0.67789E-01   0.68659E-01   0.69145E-01   0.69215E-01   0.68850E-01
    0.68045E-01   0.66806E-01   0.65157E-01   0.63133E-01   0.60779E-01
    0.58154E-01   0.55322E-01   0.52355E-01   0.49327E-01   0.46312E-01
    0.43382E-01
