    0.68457       0.68519       0.68706       0.69010       0.69416    
    0.69903       0.70434       0.70968       0.71452       0.71804    
    0.71939       0.71760       0.71158       0.70034       0.68300    
    0.65898       0.62819       0.59105       0.54866       0.50259    
    0.45491       0.40801       0.36395       0.32468       0.29118    
    0.26374       0.24197       0.22455       0.21011       0.19702    
    0.18407       0.17050       0.15609       0.14122       0.12641    
    0.11248       0.10000       0.89363E-01   0.80594E-01   0.73463E-01
    0.67530E-01   0.62300E-01   0.57353E-01   0.52409E-01   0.47379E-01
    0.42339E-01   0.37487E-01   0.33045E-01   0.29186E-01   0.26004E-01
    0.23478E-01   0.21492E-01   0.19867E-01   0.18422E-01   0.17005E-01
    0.15528E-01   0.13974E-01   0.12390E-01   0.10859E-01   0.94741E-02
    0.83048E-02
