    0.60794       0.60864       0.61075       0.61422       0.61897    
    0.62486       0.63164       0.63894       0.64629       0.65296    
    0.65814       0.66086       0.66001       0.65448       0.64330    
    0.62559       0.60099       0.56962       0.53226       0.49026    
    0.44561       0.40044       0.35713       0.31779       0.28375    
    0.25572       0.23354       0.21623       0.20236       0.19035    
    0.17874       0.16659       0.15344       0.13946       0.12522    
    0.11144       0.98847E-01   0.87960E-01   0.78959E-01   0.71714E-01
    0.65852E-01   0.60857E-01   0.56264E-01   0.51710E-01   0.47023E-01
    0.42225E-01   0.37478E-01   0.33012E-01   0.29042E-01   0.25712E-01
    0.23054E-01   0.20994E-01   0.19375E-01   0.18009E-01   0.16722E-01
    0.15394E-01   0.13973E-01   0.12480E-01   0.10985E-01   0.95808E-02
    0.83532E-02
