    0.42576E-01   0.42581E-01   0.42595E-01   0.42616E-01   0.42643E-01
    0.42673E-01   0.42702E-01   0.42726E-01   0.42740E-01   0.42742E-01
    0.42727E-01   0.42692E-01   0.42635E-01   0.42555E-01   0.42451E-01
    0.42325E-01   0.42178E-01   0.42016E-01   0.41843E-01   0.41667E-01
    0.41496E-01   0.41339E-01   0.41208E-01   0.41115E-01   0.41074E-01
    0.41099E-01   0.41205E-01   0.41408E-01   0.41721E-01   0.42158E-01
    0.42733E-01   0.43454E-01   0.44327E-01   0.45355E-01   0.46534E-01
    0.47855E-01   0.49302E-01   0.50854E-01   0.52481E-01   0.54148E-01
    0.55815E-01   0.57436E-01   0.58964E-01   0.60349E-01   0.61541E-01
    0.62495E-01   0.63168E-01   0.63525E-01   0.63539E-01   0.63193E-01
    0.62478E-01   0.61400E-01   0.59973E-01   0.58225E-01   0.56191E-01
    0.53917E-01   0.51456E-01   0.48866E-01   0.46209E-01   0.43548E-01
    0.40943E-01
