    0.71245       0.71258       0.71307       0.71421       0.71645    
    0.72040       0.72677       0.73636       0.74999       0.76847    
    0.79257       0.82299       0.86031       0.90498       0.95734    
     1.0175        1.0855        1.1612        1.2442        1.3340    
     1.4300        1.5312        1.6368        1.7456        1.8564    
     1.9680        2.0789        2.1879        2.2934        2.3942    
     2.4888        2.5759        2.6543        2.7228        2.7806    
     2.8267        2.8605        2.8815        2.8896        2.8847    
     2.8672        2.8376        2.7968        2.7457        2.6857    
     2.6181        2.5444        2.4664        2.3855        2.3033    
     2.2213        2.1409        2.0632        1.9892        1.9197    
     1.8551        1.7957        1.7417        1.6929        1.6489    
     1.6093    
