    0.77894       0.77944       0.78089       0.78316       0.78602    
    0.78916       0.79217       0.79449       0.79554       0.79440    
    0.79029       0.78216       0.76916       0.75039       0.72526    
    0.69348       0.65533       0.61165       0.56375       0.51350    
    0.46316       0.41482       0.37056       0.33176       0.29908    
    0.27244       0.25090       0.23320       0.21785       0.20336    
    0.18880       0.17371       0.15806       0.14236       0.12722    
    0.11332       0.10113       0.90832E-01   0.82313E-01   0.75246E-01
    0.69156E-01   0.63584E-01   0.58203E-01   0.52829E-01   0.47465E-01
    0.42239E-01   0.37358E-01   0.33017E-01   0.29333E-01   0.26333E-01
    0.23938E-01   0.21995E-01   0.20319E-01   0.18746E-01   0.17159E-01
    0.15514E-01   0.13831E-01   0.12183E-01   0.10657E-01   0.93323E-02
    0.82564E-02
