    0.61444E-01   0.61442E-01   0.61433E-01   0.61415E-01   0.61412E-01
    0.61464E-01   0.61529E-01   0.61576E-01   0.61596E-01   0.61590E-01
    0.61585E-01   0.61569E-01   0.61511E-01   0.61419E-01   0.61310E-01
    0.61064E-01   0.61001E-01   0.60811E-01   0.60634E-01   0.60444E-01
    0.60257E-01   0.60099E-01   0.59924E-01   0.59850E-01   0.59812E-01
    0.59848E-01   0.59962E-01   0.60160E-01   0.60514E-01   0.60955E-01
    0.61536E-01   0.62261E-01   0.63120E-01   0.64123E-01   0.65261E-01
    0.66517E-01   0.67854E-01   0.69328E-01   0.70815E-01   0.72303E-01
    0.73763E-01   0.75135E-01   0.76367E-01   0.77429E-01   0.78258E-01
    0.78800E-01   0.79053E-01   0.78955E-01   0.78474E-01   0.77594E-01
    0.76332E-01   0.74687E-01   0.72671E-01   0.70321E-01   0.67683E-01
    0.64773E-01   0.61682E-01   0.58461E-01   0.55171E-01   0.51890E-01
    0.48674E-01
