    0.73443E-01   0.73472E-01   0.73559E-01   0.73697E-01   0.73879E-01
    0.74093E-01   0.74324E-01   0.74558E-01   0.74775E-01   0.74959E-01
    0.75090E-01   0.75153E-01   0.75131E-01   0.75012E-01   0.74789E-01
    0.74455E-01   0.74013E-01   0.73468E-01   0.72832E-01   0.72125E-01
    0.71371E-01   0.70600E-01   0.69849E-01   0.69158E-01   0.68574E-01
    0.68144E-01   0.67916E-01   0.67941E-01   0.68262E-01   0.68922E-01
    0.69951E-01   0.71374E-01   0.73200E-01   0.75424E-01   0.78026E-01
    0.80969E-01   0.84197E-01   0.87639E-01   0.91208E-01   0.94806E-01
    0.98324E-01   0.10165       0.10466       0.10726       0.10932    
    0.11078       0.11155       0.11157       0.11082       0.10930    
    0.10702       0.10402       0.10038       0.96184E-01   0.91533E-01
    0.86546E-01   0.81351E-01   0.76078E-01   0.70854E-01   0.65804E-01
    0.61039E-01
