    0.60002E-01   0.60008E-01   0.60024E-01   0.60049E-01   0.60081E-01
    0.60115E-01   0.60149E-01   0.60178E-01   0.60198E-01   0.60204E-01
    0.60192E-01   0.60160E-01   0.60105E-01   0.60026E-01   0.59925E-01
    0.59802E-01   0.59661E-01   0.59507E-01   0.59346E-01   0.59186E-01
    0.59037E-01   0.58907E-01   0.58809E-01   0.58754E-01   0.58755E-01
    0.58826E-01   0.58977E-01   0.59223E-01   0.59575E-01   0.60042E-01
    0.60633E-01   0.61353E-01   0.62203E-01   0.63181E-01   0.64281E-01
    0.65488E-01   0.66785E-01   0.68148E-01   0.69547E-01   0.70946E-01
    0.72305E-01   0.73582E-01   0.74730E-01   0.75704E-01   0.76458E-01
    0.76949E-01   0.77140E-01   0.77000E-01   0.76504E-01   0.75639E-01
    0.74401E-01   0.72796E-01   0.70840E-01   0.68563E-01   0.66002E-01
    0.63201E-01   0.60216E-01   0.57104E-01   0.53928E-01   0.50751E-01
    0.47635E-01
