    0.61796E-01   0.61802E-01   0.61820E-01   0.61849E-01   0.61885E-01
    0.61925E-01   0.61965E-01   0.61999E-01   0.62023E-01   0.62031E-01
    0.62020E-01   0.61985E-01   0.61924E-01   0.61835E-01   0.61719E-01
    0.61576E-01   0.61410E-01   0.61226E-01   0.61030E-01   0.60830E-01
    0.60637E-01   0.60459E-01   0.60311E-01   0.60206E-01   0.60156E-01
    0.60178E-01   0.60285E-01   0.60492E-01   0.60812E-01   0.61258E-01
    0.61840E-01   0.62564E-01   0.63433E-01   0.64447E-01   0.65597E-01
    0.66871E-01   0.68249E-01   0.69707E-01   0.71211E-01   0.72723E-01
    0.74201E-01   0.75596E-01   0.76859E-01   0.77940E-01   0.78790E-01
    0.79361E-01   0.79614E-01   0.79513E-01   0.79034E-01   0.78161E-01
    0.76889E-01   0.75227E-01   0.73192E-01   0.70816E-01   0.68138E-01
    0.65208E-01   0.62085E-01   0.58831E-01   0.55512E-01   0.52196E-01
    0.48951E-01
