    0.58972E-01   0.58977E-01   0.58992E-01   0.59015E-01   0.59044E-01
    0.59076E-01   0.59107E-01   0.59133E-01   0.59150E-01   0.59154E-01
    0.59142E-01   0.59111E-01   0.59059E-01   0.58986E-01   0.58892E-01
    0.58780E-01   0.58652E-01   0.58513E-01   0.58371E-01   0.58232E-01
    0.58106E-01   0.58001E-01   0.57929E-01   0.57902E-01   0.57931E-01
    0.58027E-01   0.58203E-01   0.58471E-01   0.58840E-01   0.59320E-01
    0.59918E-01   0.60638E-01   0.61480E-01   0.62443E-01   0.63518E-01
    0.64693E-01   0.65950E-01   0.67265E-01   0.68610E-01   0.69951E-01
    0.71250E-01   0.72465E-01   0.73554E-01   0.74471E-01   0.75174E-01
    0.75623E-01   0.75781E-01   0.75618E-01   0.75113E-01   0.74251E-01
    0.73029E-01   0.71453E-01   0.69539E-01   0.67314E-01   0.64813E-01
    0.62081E-01   0.59170E-01   0.56134E-01   0.53034E-01   0.49932E-01
    0.46887E-01
