    0.58774       0.58846       0.59061       0.59417       0.59906    
    0.60517       0.61227       0.62001       0.62794       0.63536    
    0.64144       0.64527       0.64571       0.64161       0.63202    
    0.61595       0.59302       0.56321       0.52728       0.48646    
    0.44270       0.39810       0.35508       0.31578       0.28165    
    0.25347       0.23117       0.21385       0.20013       0.18837    
    0.17713       0.16536       0.15258       0.13888       0.12481    
    0.11111       0.98506E-01   0.87561E-01   0.78495E-01   0.71210E-01
    0.65356E-01   0.60414E-01   0.55917E-01   0.51471E-01   0.46887E-01
    0.42165E-01   0.37460E-01   0.32997E-01   0.29003E-01   0.25636E-01
    0.22939E-01   0.20854E-01   0.19229E-01   0.17879E-01   0.16624E-01
    0.15336E-01   0.13954E-01   0.12491E-01   0.11010E-01   0.96063E-02
    0.83665E-02
