    0.77015       0.77019       0.77042       0.77119       0.77305    
    0.77675       0.78311       0.79298       0.80674       0.82769    
    0.85543       0.89004       0.93239       0.98328        1.0610    
     1.1297        1.2103        1.3100        1.4085        1.5043    
     1.6238        1.7435        1.8595        2.0274        2.1630    
     2.2832        2.4087        2.5500        2.6513        2.7680    
     2.8717        2.9659        3.0689        3.1459        3.2044    
     3.2373        3.2607        3.2735        3.2439        3.2348    
     3.2027        3.1592        3.1019        3.0324        2.9567    
     2.8774        2.7916        2.7053        2.6178        2.5221    
     2.4262        2.3449        2.2582        2.1803        2.0986    
     2.0285        1.9645        1.9056        1.8473        1.7916    
     1.7446    
