    0.76745       0.76748       0.76771       0.76847       0.77032    
    0.77400       0.78035       0.79019       0.80392       0.82453    
    0.85237       0.88688       0.92899       0.97967        1.0563    
     1.1250        1.2052        1.3034        1.4023        1.4970    
     1.6160        1.7349        1.8339        2.0171        2.1519    
     2.2715        2.3964        2.5367        2.6379        2.7538    
     2.8576        2.9515        3.0543        3.1310        3.1902    
     3.2232        3.2467        3.2595        3.2306        3.2218    
     3.1902        3.1470        3.0905        3.0213        2.9461    
     2.8673        2.7821        2.6960        2.6089        2.5138    
     2.4181        2.3373        2.2510        2.1733        2.0920    
     2.0223        1.9586        1.8999        1.8420        1.7866    
     1.7398    
