    0.69866E-01   0.69873E-01   0.69892E-01   0.69912E-01   0.69908E-01
    0.69907E-01   0.70022E-01   0.70130E-01   0.70183E-01   0.70176E-01
    0.70176E-01   0.70188E-01   0.70096E-01   0.69941E-01   0.69741E-01
    0.69088E-01   0.69154E-01   0.68760E-01   0.68371E-01   0.67932E-01
    0.67470E-01   0.67031E-01   0.66645E-01   0.66176E-01   0.65836E-01
    0.65614E-01   0.65498E-01   0.65486E-01   0.65757E-01   0.66149E-01
    0.66764E-01   0.67594E-01   0.68727E-01   0.70041E-01   0.71627E-01
    0.73424E-01   0.75417E-01   0.77563E-01   0.79796E-01   0.82067E-01
    0.84320E-01   0.86474E-01   0.88437E-01   0.90159E-01   0.91554E-01
    0.92548E-01   0.93116E-01   0.93193E-01   0.92732E-01   0.91728E-01
    0.90170E-01   0.88079E-01   0.85494E-01   0.82469E-01   0.79075E-01
    0.75331E-01   0.71383E-01   0.67295E-01   0.63163E-01   0.59079E-01
    0.55130E-01
