    0.47936       0.47976       0.48097       0.48304       0.48606    
    0.49013       0.49539       0.50202       0.51019       0.52010    
    0.53197       0.54602       0.56245       0.58150       0.60338    
    0.62830       0.65644       0.68800       0.72314       0.76201    
    0.80471       0.85132       0.90185       0.95623        1.0143    
     1.0758        1.1403        1.2073        1.2760        1.3457    
     1.4152        1.4835        1.5493        1.6113        1.6682    
     1.7186        1.7615        1.7956        1.8203        1.8348    
     1.8388        1.8322        1.8154        1.7888        1.7534    
     1.7103        1.6608        1.6063        1.5485        1.4889    
     1.4293        1.3710        1.3154        1.2637        1.2168    
     1.1754        1.1398        1.1101        1.0863        1.0679    
     1.0543    
