    0.71715E-01   0.71724E-01   0.71751E-01   0.71787E-01   0.71806E-01
    0.71811E-01   0.71937E-01   0.72075E-01   0.72149E-01   0.72145E-01
    0.72156E-01   0.72194E-01   0.72100E-01   0.71933E-01   0.71710E-01
    0.70866E-01   0.71049E-01   0.70594E-01   0.70137E-01   0.69620E-01
    0.69076E-01   0.68550E-01   0.68172E-01   0.67523E-01   0.67090E-01
    0.66802E-01   0.66634E-01   0.66577E-01   0.66852E-01   0.67267E-01
    0.67932E-01   0.68840E-01   0.70110E-01   0.71725E-01   0.73356E-01
    0.75381E-01   0.77620E-01   0.80036E-01   0.82558E-01   0.85111E-01
    0.87636E-01   0.90051E-01   0.92274E-01   0.94201E-01   0.95767E-01
    0.96885E-01   0.97524E-01   0.97626E-01   0.97128E-01   0.96038E-01
    0.94343E-01   0.92070E-01   0.89263E-01   0.85985E-01   0.82325E-01
    0.78289E-01   0.74053E-01   0.69682E-01   0.65279E-01   0.60958E-01
    0.56790E-01
