    0.62404E-01   0.62411E-01   0.62430E-01   0.62460E-01   0.62498E-01
    0.62540E-01   0.62581E-01   0.62618E-01   0.62643E-01   0.62652E-01
    0.62641E-01   0.62605E-01   0.62542E-01   0.62449E-01   0.62327E-01
    0.62177E-01   0.62002E-01   0.61807E-01   0.61598E-01   0.61383E-01
    0.61173E-01   0.60979E-01   0.60813E-01   0.60689E-01   0.60621E-01
    0.60625E-01   0.60716E-01   0.60910E-01   0.61220E-01   0.61660E-01
    0.62239E-01   0.62966E-01   0.63844E-01   0.64871E-01   0.66041E-01
    0.67340E-01   0.68750E-01   0.70243E-01   0.71787E-01   0.73341E-01
    0.74863E-01   0.76302E-01   0.77607E-01   0.78727E-01   0.79612E-01
    0.80212E-01   0.80486E-01   0.80399E-01   0.79925E-01   0.79048E-01
    0.77764E-01   0.76080E-01   0.74016E-01   0.71602E-01   0.68882E-01
    0.65906E-01   0.62733E-01   0.59427E-01   0.56057E-01   0.52693E-01
    0.49401E-01
