    0.64236       0.64272       0.64384       0.64594       0.64933    
    0.65441       0.66168       0.67158       0.68411       0.69362    
    0.71919       0.74516       0.77828       0.81759       0.86427    
    0.92217       0.98122        1.0488        1.1293        1.1862    
     1.2751        1.3646        1.4641        1.5697        1.6695    
     1.7572        1.8585        1.9611        2.0543        2.1543    
     2.2331        2.3205        2.4145        2.4871        2.5251    
     2.5549        2.6326        2.6371        2.6403        2.6423    
     2.6279        2.6040        2.5702        2.5212        2.4661    
     2.4123        2.3460        2.2741        2.1878        2.1351    
     2.0606        1.9862        1.9154        1.8498        1.7883    
     1.7290        1.6806        1.6436        1.5875        1.5465    
     1.5121    
