     23.895        23.603        22.743        21.362        19.540    
     17.375        14.985        12.496        10.037        7.7256    
     5.6704        3.9575        2.6494        1.7816        1.3619    
     1.3713        1.7670        2.4862        3.4513        4.5757    
     5.7700        6.9477        8.0304        8.9522        9.6627    
     10.129        10.335        10.284        9.9909        9.4854    
     8.8052        7.9941        7.0979        6.1618        5.2277    
     4.3323        3.5058        2.7713        2.1444        1.6337    
     1.2418       0.96552       0.79750       0.72695       0.74077    
    0.82445       0.96289        1.1411        1.3446        1.5601    
     1.7756        1.9806        2.1663        2.3258        2.4536    
     2.5462        2.6013        2.6185        2.5984        2.5430    
     2.4552    
