    0.62881E-01   0.62888E-01   0.62908E-01   0.62939E-01   0.62978E-01
    0.63022E-01   0.63065E-01   0.63102E-01   0.63129E-01   0.63139E-01
    0.63127E-01   0.63091E-01   0.63025E-01   0.62930E-01   0.62803E-01
    0.62648E-01   0.62465E-01   0.62261E-01   0.62042E-01   0.61816E-01
    0.61594E-01   0.61386E-01   0.61205E-01   0.61067E-01   0.60985E-01
    0.60976E-01   0.61055E-01   0.61238E-01   0.61540E-01   0.61975E-01
    0.62553E-01   0.63282E-01   0.64166E-01   0.65205E-01   0.66390E-01
    0.67710E-01   0.69144E-01   0.70664E-01   0.72239E-01   0.73826E-01
    0.75381E-01   0.76853E-01   0.78191E-01   0.79342E-01   0.80252E-01
    0.80874E-01   0.81164E-01   0.81088E-01   0.80617E-01   0.79736E-01
    0.78441E-01   0.76740E-01   0.74653E-01   0.72211E-01   0.69457E-01
    0.66444E-01   0.63232E-01   0.59887E-01   0.56478E-01   0.53075E-01
    0.49748E-01
