    0.80161       0.80207       0.80339       0.80543       0.80794    
    0.81061       0.81294       0.81445       0.81446       0.81206    
    0.80652       0.79677       0.78199       0.76138       0.73431    
    0.70069       0.66081       0.61565       0.56652       0.51544    
    0.46458       0.41604       0.37184       0.33321       0.30076    
    0.27465       0.25278       0.23499       0.21940       0.20458    
    0.18966       0.17423       0.15833       0.14248       0.12731    
    0.11346       0.10134       0.91134E-01   0.82667E-01   0.75602E-01
    0.69463E-01   0.63807E-01   0.58325E-01   0.52858E-01   0.47431E-01
    0.42178E-01   0.37304E-01   0.32996E-01   0.29359E-01   0.26401E-01
    0.24031E-01   0.22091E-01   0.20396E-01   0.18789E-01   0.17162E-01
    0.15481E-01   0.13774E-01   0.12118E-01   0.10601E-01   0.92962E-02
    0.82450E-02
