    0.46323       0.46391       0.46597       0.46947       0.47449    
    0.48117       0.48965       0.50010       0.51270       0.52765    
    0.54513       0.56533       0.58842       0.61456       0.64390    
    0.67655       0.71262       0.75219       0.79533       0.84206    
    0.89241       0.94632        1.0037        1.0645        1.1283    
     1.1949        1.2638        1.3345        1.4062        1.4780    
     1.5490        1.6182        1.6843        1.7461        1.8024    
     1.8521        1.8940        1.9272        1.9510        1.9649    
     1.9686        1.9621        1.9458        1.9202        1.8862    
     1.8448        1.7973        1.7451        1.6897        1.6326    
     1.5752        1.5189        1.4649        1.4143        1.3678    
     1.3260        1.2893        1.2577        1.2311        1.2090    
     1.1910    
