    0.30141       0.30229       0.30492       0.30928       0.31531    
    0.32295       0.33213       0.34278       0.35480       0.36813    
    0.38270       0.39846       0.41536       0.43341       0.45262    
    0.47302       0.49471       0.51779       0.54240       0.56870    
    0.59689       0.62716       0.65967       0.69459       0.73201    
    0.77194       0.81432       0.85893       0.90543       0.95334    
     1.0020        1.0507        1.0984        1.1442        1.1871    
     1.2259        1.2598        1.2878        1.3092        1.3233    
     1.3300        1.3291        1.3208        1.3056        1.2841    
     1.2574        1.2264        1.1924        1.1567        1.1204    
     1.0848        1.0511        1.0200       0.99233       0.96861    
    0.94907       0.93373       0.92236       0.91451       0.90957    
    0.90676    
