    0.62278E-01   0.62284E-01   0.62303E-01   0.62333E-01   0.62371E-01
    0.62412E-01   0.62453E-01   0.62489E-01   0.62514E-01   0.62523E-01
    0.62512E-01   0.62476E-01   0.62413E-01   0.62322E-01   0.62201E-01
    0.62052E-01   0.61879E-01   0.61686E-01   0.61480E-01   0.61269E-01
    0.61063E-01   0.60872E-01   0.60710E-01   0.60590E-01   0.60526E-01
    0.60534E-01   0.60629E-01   0.60825E-01   0.61138E-01   0.61579E-01
    0.62158E-01   0.62885E-01   0.63760E-01   0.64784E-01   0.65950E-01
    0.67243E-01   0.68646E-01   0.70131E-01   0.71666E-01   0.73211E-01
    0.74722E-01   0.76151E-01   0.77448E-01   0.78559E-01   0.79435E-01
    0.80029E-01   0.80298E-01   0.80208E-01   0.79733E-01   0.78857E-01
    0.77575E-01   0.75896E-01   0.73839E-01   0.71433E-01   0.68722E-01
    0.65756E-01   0.62594E-01   0.59300E-01   0.55941E-01   0.52587E-01
    0.49305E-01
