    0.67746E-01   0.67751E-01   0.67762E-01   0.67767E-01   0.67743E-01
    0.67751E-01   0.67855E-01   0.67941E-01   0.67980E-01   0.67975E-01
    0.67968E-01   0.67966E-01   0.67882E-01   0.67743E-01   0.67570E-01
    0.67073E-01   0.67064E-01   0.66732E-01   0.66409E-01   0.66045E-01
    0.65666E-01   0.65312E-01   0.64960E-01   0.64634E-01   0.64384E-01
    0.64233E-01   0.64179E-01   0.64221E-01   0.64501E-01   0.64890E-01
    0.65476E-01   0.66255E-01   0.67276E-01   0.68475E-01   0.69895E-01
    0.71500E-01   0.73281E-01   0.75186E-01   0.77166E-01   0.79181E-01
    0.81179E-01   0.83085E-01   0.84816E-01   0.86337E-01   0.87563E-01
    0.88427E-01   0.88912E-01   0.88948E-01   0.88501E-01   0.87559E-01
    0.86111E-01   0.84171E-01   0.81779E-01   0.78977E-01   0.75826E-01
    0.72349E-01   0.68669E-01   0.64848E-01   0.60977E-01   0.57127E-01
    0.53396E-01
