    0.34302       0.34386       0.34636       0.35052       0.35634    
    0.36379       0.37288       0.38359       0.39593       0.40990    
    0.42552       0.44283       0.46188       0.48274       0.50552    
    0.53034       0.55734       0.58670       0.61863       0.65332    
    0.69100       0.73187       0.77609       0.82376       0.87492    
    0.92948       0.98721        1.0477        1.1105        1.1748    
     1.2397        1.3041        1.3670        1.4269        1.4825    
     1.5327        1.5760        1.6114        1.6381        1.6553    
     1.6625        1.6598        1.6473        1.6256        1.5954    
     1.5579        1.5143        1.4661        1.4149        1.3623    
     1.3097        1.2586        1.2104        1.1660        1.1265    
     1.0922        1.0635        1.0405        1.0228        1.0100    
     1.0013    
