    0.48256       0.48295       0.48414       0.48617       0.48915    
    0.49317       0.49838       0.50496       0.51310       0.52299    
    0.53485       0.54891       0.56540       0.58453       0.60652    
    0.63158       0.65990       0.69167       0.72706       0.76619    
    0.80919       0.85610       0.90694       0.96163        1.0200    
     1.0818        1.1466        1.2138        1.2828        1.3526    
     1.4223        1.4907        1.5566        1.6187        1.6756    
     1.7260        1.7688        1.8030        1.8275        1.8419    
     1.8458        1.8392        1.8223        1.7956        1.7601    
     1.7169        1.6673        1.6127        1.5548        1.4952    
     1.4354        1.3770        1.3213        1.2695        1.2224    
     1.1808        1.1450        1.1152        1.0912        1.0726    
     1.0587    
