    0.64538E-01   0.64545E-01   0.64568E-01   0.64603E-01   0.64648E-01
    0.64697E-01   0.64747E-01   0.64790E-01   0.64821E-01   0.64834E-01
    0.64823E-01   0.64783E-01   0.64711E-01   0.64604E-01   0.64461E-01
    0.64283E-01   0.64073E-01   0.63835E-01   0.63577E-01   0.63308E-01
    0.63037E-01   0.62777E-01   0.62544E-01   0.62351E-01   0.62216E-01
    0.62157E-01   0.62192E-01   0.62338E-01   0.62612E-01   0.63031E-01
    0.63608E-01   0.64351E-01   0.65266E-01   0.66353E-01   0.67605E-01
    0.69008E-01   0.70541E-01   0.72175E-01   0.73872E-01   0.75590E-01
    0.77280E-01   0.78885E-01   0.80351E-01   0.81619E-01   0.82632E-01
    0.83338E-01   0.83691E-01   0.83651E-01   0.83192E-01   0.82296E-01
    0.80958E-01   0.79189E-01   0.77009E-01   0.74455E-01   0.71573E-01
    0.68418E-01   0.65057E-01   0.61560E-01   0.58000E-01   0.54453E-01
    0.50992E-01
