    0.62334E-01   0.62333E-01   0.62326E-01   0.62305E-01   0.62294E-01
    0.62346E-01   0.62417E-01   0.62468E-01   0.62490E-01   0.62483E-01
    0.62478E-01   0.62462E-01   0.62401E-01   0.62303E-01   0.62187E-01
    0.61917E-01   0.61855E-01   0.61648E-01   0.61453E-01   0.61243E-01
    0.61033E-01   0.60852E-01   0.60651E-01   0.60550E-01   0.60486E-01
    0.60498E-01   0.60590E-01   0.60768E-01   0.61109E-01   0.61539E-01
    0.62116E-01   0.62844E-01   0.63715E-01   0.64736E-01   0.65902E-01
    0.67193E-01   0.68567E-01   0.70097E-01   0.71636E-01   0.73183E-01
    0.74703E-01   0.76137E-01   0.77426E-01   0.78543E-01   0.79419E-01
    0.80001E-01   0.80284E-01   0.80204E-01   0.79731E-01   0.78845E-01
    0.77563E-01   0.75891E-01   0.73833E-01   0.71432E-01   0.68736E-01
    0.65760E-01   0.62600E-01   0.59306E-01   0.55944E-01   0.52595E-01
    0.49314E-01
