    0.68200       0.68219       0.68286       0.68426       0.68680    
    0.69102       0.69756       0.70711       0.72042       0.73820    
    0.76115       0.78987       0.82490       0.86664       0.91539    
    0.97130        1.0344        1.1045        1.1813        1.2645    
     1.3535        1.4475        1.5457        1.6472        1.7509    
     1.8557        1.9604        2.0636        2.1641        2.2606    
     2.3518        2.4364        2.5133        2.5811        2.6391    
     2.6861        2.7216        2.7450        2.7560        2.7545    
     2.7407        2.7152        2.6787        2.6320        2.5764    
     2.5133        2.4441        2.3703        2.2936        2.2155    
     2.1375        2.0608        1.9867        1.9162        1.8500    
     1.7886        1.7324        1.6814        1.6355        1.5944    
     1.5575    
