    0.65771E-01   0.65774E-01   0.65778E-01   0.65770E-01   0.65736E-01
    0.65762E-01   0.65856E-01   0.65926E-01   0.65957E-01   0.65951E-01
    0.65944E-01   0.65935E-01   0.65859E-01   0.65736E-01   0.65586E-01
    0.65192E-01   0.65149E-01   0.64868E-01   0.64597E-01   0.64295E-01
    0.63984E-01   0.63699E-01   0.63398E-01   0.63170E-01   0.62995E-01
    0.62907E-01   0.62907E-01   0.63002E-01   0.63299E-01   0.63697E-01
    0.64272E-01   0.65023E-01   0.65971E-01   0.67090E-01   0.68396E-01
    0.69864E-01   0.71485E-01   0.73216E-01   0.75008E-01   0.76828E-01
    0.78628E-01   0.80339E-01   0.81890E-01   0.83247E-01   0.84335E-01
    0.85088E-01   0.85496E-01   0.85491E-01   0.85041E-01   0.84135E-01
    0.82762E-01   0.80931E-01   0.78682E-01   0.76048E-01   0.73085E-01
    0.69813E-01   0.66345E-01   0.62737E-01   0.59064E-01   0.55418E-01
    0.51863E-01
