    0.60667       0.60704       0.60821       0.61035       0.61375    
    0.61879       0.62591       0.63561       0.64840       0.66479    
    0.68525       0.71023       0.74009       0.77515       0.81562    
    0.86164       0.91327       0.97046        1.0331        1.1009    
     1.1736        1.2508        1.3319        1.4164        1.5034    
     1.5924        1.6822        1.7720        1.8607        1.9472    
     2.0304        2.1090        2.1819        2.2479        2.3059    
     2.3549        2.3939        2.4223        2.4396        2.4455    
     2.4400        2.4234        2.3961        2.3591        2.3132    
     2.2598        2.2003        2.1360        2.0685        1.9994    
     1.9301        1.8620        1.7961        1.7336        1.6753    
     1.6216        1.5729        1.5292        1.4905        1.4564    
     1.4264    
