    0.66229E-01   0.66237E-01   0.66263E-01   0.66303E-01   0.66354E-01
    0.66411E-01   0.66468E-01   0.66519E-01   0.66556E-01   0.66573E-01
    0.66563E-01   0.66521E-01   0.66441E-01   0.66321E-01   0.66159E-01
    0.65956E-01   0.65715E-01   0.65440E-01   0.65138E-01   0.64818E-01
    0.64494E-01   0.64177E-01   0.63883E-01   0.63630E-01   0.63438E-01
    0.63325E-01   0.63312E-01   0.63420E-01   0.63669E-01   0.64076E-01
    0.64656E-01   0.65422E-01   0.66380E-01   0.67529E-01   0.68863E-01
    0.70367E-01   0.72019E-01   0.73786E-01   0.75629E-01   0.77499E-01
    0.79342E-01   0.81100E-01   0.82710E-01   0.84109E-01   0.85235E-01
    0.86032E-01   0.86450E-01   0.86448E-01   0.85995E-01   0.85074E-01
    0.83683E-01   0.81830E-01   0.79542E-01   0.76857E-01   0.73827E-01
    0.70512E-01   0.66982E-01   0.63315E-01   0.59589E-01   0.55884E-01
    0.52278E-01
