    0.47588       0.47629       0.47752       0.47962       0.48268    
    0.48680       0.49211       0.49878       0.50698       0.51691    
    0.52878       0.54279       0.55917       0.57813       0.59988    
    0.62463       0.65257       0.68390       0.71878       0.75735    
    0.79975       0.84603       0.89622       0.95026        1.0080    
     1.0692        1.1334        1.2001        1.2686        1.3380    
     1.4074        1.4756        1.5413        1.6032        1.6601    
     1.7105        1.7534        1.7877        1.8124        1.8270    
     1.8311        1.8246        1.8079        1.7815        1.7462    
     1.7032        1.6537        1.5994        1.5417        1.4823    
     1.4227        1.3646        1.3091        1.2576        1.2109    
     1.1696        1.1342        1.1048        1.0812        1.0630    
     1.0496    
