    0.79003       0.79002       0.79013       0.79072       0.79237    
    0.79584       0.80205       0.81201       0.82676       0.84733    
    0.87471       0.90979       0.95329        1.0058        1.0677    
     1.1392        1.2203        1.3106        1.4097        1.5168    
     1.6309        1.7510        1.8758        2.0036        2.1330    
     2.2622        2.3896        2.5133        2.6319        2.7435    
     2.8467        2.9401        3.0224        3.0926        3.1496    
     3.1929        3.2219        3.2364        3.2364        3.2222    
     3.1943        3.1535        3.1009        3.0377        2.9654    
     2.8855        2.7997        2.7097        2.6173        2.5239    
     2.4313        2.3407        2.2532        2.1699        2.0914    
     2.0184        1.9509        1.8892        1.8330        1.7819    
     1.7356    
