Background: A = 1.77(11),  B = -0.0013(7),  C = 0.0(0)
      Shape: R = 50(14),  Beta = 9.1(7),  Step = 0.0(0)
   position      width       height        area          centroid      energy
 1 1727.1(9)     9.7(5)      24.4(20)      435(24)       1720.6(6)     860.3(3)
 2 1690.0(16)    9.7(5)      3.8(8)        68(13)        1683.5(16)    841.8(8)
 3 1670.6(9)     9.7(5)      21.9(19)      390(23)       1664.1(7)     832.1(4)
 4 1639.1(8)     9.7(5)      39(3)         688(29)       1632.6(6)     816.3(3)
 5 1583.8(12)    9.7(5)      6.7(9)        119(14)       1577.3(10)    788.7(5)
 6 1541.8(11)    9.6(5)      7.0(10)       125(16)       1535.3(11)    767.7(6)
 7 1523.6(8)     9.6(5)      32(3)         576(28)       1517.1(7)     758.5(3)
Background: -1
Background: -1
Background: -1
Background: A = 1.77(11),  B = -0.0013(7),  C = 0.0(0)
      Shape: R = 50(14),  Beta = 9.1(7),  Step = 0.0(0)
   position      width       height        area          centroid      energy
 1 1348.8(8)     9.5(5)      43(3)         764(48)       1342.3(7)     671.1(4)
 2 1336.0(9)     9.5(5)      28(3)         498(43)       1329.5(9)     664.8(4)
Background: -1
Background: -1
Background: -1
Background: -1
Background: -1
Background: -1
Background: -1
Background: A = 3.6(3),  B = -0.0019(25),  C = 0.0(0)
      Shape: R = 36(5),  Beta = 8.1(5),  Step = 0.0(0)
   position      width       height        area          centroid      energy
 1 854.9(3)      8.88(23)    50.8(24)      721(32)       850.2(3)      425.11(16)
 2 808.7(3)      8.86(23)    62(3)         884(34)       804.1(3)      402.04(16)
 3 749.5(18)     8.82(23)    3.0(9)        43(13)        744.8(19)     372.4(9)
 4 729.8(3)      8.81(23)    194(5)        2735(57)      725.1(3)      362.56(13)
 5 654.0(4)      8.77(23)    36.8(21)      518(29)       649.4(4)      324.68(19)
 6 631.5(3)      8.75(23)    61(3)         859(35)       626.8(3)      313.40(17)
 7 602.0(6)      8.74(23)    19.5(17)      274(23)       597.4(6)      298.7(3)
 8 576.4(3)      8.72(23)    61(3)         851(36)       571.7(3)      285.87(17)
Background: A = 8.1(7),  B = -0.047(16),  C = 0.0(0)
      Shape: R = 15(5),  Beta = 10.6(24),  Step = 0.0(0)
   position      width       height        area          centroid      energy
 1 502.17(24)    8.92(24)    157(6)        1931(79)      498.5(7)      249.2(3)
 2 491.8(4)      8.91(24)    84(7)         1038(74)      488.1(7)      244.0(3)
Background: -1
Background: -1
Background: -1
Background: -1
Background: -1
Background: -1
Background: -1
Background: -1
Background: -1
Background: -1
Background: -1
Background: -1
Background: A = 8.6(8),  B = 0.055(13),  C = 0.0(0)
      Shape: R = 293(120),  Beta = 2.1(15),  Step = 0.0(0)
   position      width       height        area          centroid      energy
 1 178.0(11)     9.7(9)      11(3)         182(33)       173.3(19)     86.6(9)
 2 159(4)        9.7(9)      1.1(13)       17(20)        154(5)        77(3)
 3 136.0(9)      9.7(9)      51(11)        814(63)       131.3(18)     65.7(9)
 4 121.4(13)     9.7(9)      5.5(24)       89(21)        117(3)        58.4(17)
 5 108.7(9)      9.7(9)      12(3)         185(24)       104.0(21)     52.0(10)
 6 93.9(16)      9.7(9)      3.0(12)       49(17)        89(3)         44.6(14)
 7 65(3)         9.6(9)      6(4)          90(60)        60(3)         30.1(16)
 8 58.2(10)      9.6(9)      31(8)         497(64)       53.6(22)      26.8(11)
 9 47.1(11)      9.6(9)      9(3)          144(26)       42(3)         21.2(14)
10 35.3(8)       9.6(9)      19(4)         308(31)       30.6(21)      15.3(10)
11 24.3(9)       9.6(9)      19(5)         296(29)       19.6(19)      9.8(10)






