Background: A = 0.0(0),  B = 0.0(0),  C = 0.0(0)
      Shape: R = 12.8(9),  Beta = 14.5(5),  Step = 0.0(0)
   position      width       height        area          centroid      energy
 1 1865.33(15)   10.22(11)   147(4)        2076(46)      1860.60(21)   930.30(10)
 2 1706.4(8)     10.15(11)   4.5(6)        63(9)         1701.6(8)     850.8(4)
 3 1668.13(12)   10.13(11)   239(5)        3355(59)      1663.37(19)   831.68(10)
 4 1448.1(4)     10.01(11)   17.7(12)      246(16)       1443.3(4)     721.66(20)
 5 1387.1(12)    9.98(11)    2.4(5)        33(6)         1382.3(12)    691.1(6)
 6 1288.8(10)    9.93(11)    3.1(5)        43(7)         1284.0(10)    642.0(5)
 7 1268.1(3)     9.92(11)    24.9(15)      344(21)       1263.3(4)     631.66(18)
 8 1247.7(3)     9.91(11)    41.8(19)      576(26)       1242.9(3)     621.44(16)
 9 1175.4(4)     9.87(11)    17.0(12)      234(16)       1170.6(4)     585.28(21)
10 1144.6(3)     9.85(11)    31.3(16)      430(21)       1139.7(3)     569.87(17)
Background: POS 1012.4(11) SUM 35(7)
Background: POS 994.7(12) SUM 32(6)
Background: A = 0.0(0),  B = 0.0(0),  C = 0.0(0)
      Shape: R = 24(5),  Beta = 9.2(11),  Step = 0.0(0)
   position      width       height        area          centroid      energy
 1 965.6(3)      8.4(3)      82(4)         1030(34)      961.4(4)      480.70(20)
 2 933.4(5)      8.4(3)      15.7(14)      197(17)       929.2(6)      464.6(3)
Background: -1
Background: POS 885.4(16) SUM 18(5)
Background: A = 0.0(0),  B = 0.0(0),  C = 0.0(0)
      Shape: R = 24(5),  Beta = 9.2(11),  Step = 0.0(0)
   position      width       height        area          centroid      energy
 1 826.0(5)      8.3(3)      13.6(11)      170(13)       821.7(5)      410.9(3)
 2 776.7(4)      8.3(3)      21.7(15)      271(17)       772.4(5)      386.21(24)
Background: POS 726.1(13) SUM 18(5)
Background: POS 566.6(17) SUM 15(5)
Background: POS 550.8(12) SUM 20(5)
Background: -1
Background: -1
Background: -1
Background: -1
Background: -1
Background: -1
Background: -1
Background: -1
Background: -1
Background: -1
Background: A = 0.0(0),  B = 0.0(0),  C = 0.0(0)
      Shape: R = 14(13),  Beta = 12(5),  Step = 0.0(0)
   position      width       height        area          centroid      energy
 1 48.1(6)       8.8(6)      27.6(23)      335(32)       44.1(11)      22.0(5)
 2 37.0(13)      8.8(6)      7(3)          89(29)        33.1(13)      16.5(7)

