Background: A = 2.0(0),  B = 0.019(7),  C = 0.0(0)
      Shape: R = 28(10),  Beta = 11(3),  Step = 0.0(0)
   position      width       height        area          centroid      energy
 1 1720.3(6)     11.1(5)     36.6(21)      620(31)       1714.8(10)    857.4(5)
 2 1664.3(7)     11.1(5)     29.9(18)      506(28)       1658.7(10)    829.4(5)
 3 1632.2(6)     11.0(5)     53(3)         893(37)       1626.6(10)    813.3(5)
 4 1682(4)       11.1(5)     1.6(9)        27(15)        1677(4)       838.4(22)
Background: -1
Background: -1
Background: -1
Background: -1
Background: -1
Background: -1
Background: -1
Background: -1
Background: A = 5.53(20),  B = -0.0079(15),  C = 0.0(0)
      Shape: R = 40(8),  Beta = 6.2(4),  Step = 0.0(0)
   position      width       height        area          centroid      energy
 1 1106.3(12)    8.73(23)    4.8(11)       63(14)        1102.7(12)    551.4(6)
 2 1075.4(6)     8.71(23)    17.7(17)      231(22)       1071.9(6)     535.9(3)
 3 1061.9(7)     8.70(23)    19.4(20)      254(26)       1058.3(7)     529.1(4)
 4 1049.9(8)     8.70(23)    16.2(19)      213(24)       1046.3(7)     523.2(4)
 5 979.2(12)     8.65(23)    5.4(11)       70(14)        975.6(12)     487.8(6)
 6 919.1(6)      8.62(23)    19.1(16)      248(20)       915.5(5)      457.76(24)
 7 890.4(10)     8.60(23)    7.2(12)       93(16)        886.8(10)     443.4(5)
 8 851.8(4)      8.58(23)    94(4)         1223(39)      848.20(23)    424.10(11)
 9 805.8(4)      8.56(23)    83(3)         1072(37)      802.17(24)    401.09(12)
10 746.3(18)     8.52(23)    3.8(12)       50(16)        742.7(18)     371.3(9)
11 726.8(3)      8.51(23)    286(9)        3690(68)      723.17(18)    361.58(9)
Background: -1
Background: -1
Background: -1
Background: -1
Background: -1
Background: -1
Background: -1
Background: A = 14.8(10),  B = 0.147(17),  C = 0.0(0)
      Shape: R = 44(13),  Beta = 5.2(6),  Step = 0.0(0)
   position      width       height        area          centroid      energy
 1 444.2(5)      8.0(3)      294(12)       3512(86)      441.07(19)    220.54(9)
 2 419(5)        7.9(3)      14(28)        164(327)      416(5)        207.9(24)
 3 414.7(11)     7.9(3)      82(27)        982(332)      411.5(9)      205.8(4)
 4 380.6(5)      7.9(3)      223(9)        2656(63)      377.42(19)    188.71(10)
 5 334.1(8)      7.9(3)      11.6(19)      138(22)       331.0(7)      165.5(4)
 6 306.4(6)      7.9(3)      21.0(22)      249(24)       303.2(5)      151.61(23)
Background: A = 7.6(6),  B = 0.0(0),  C = 0.0(0)
      Shape: R = 127(208),  Beta = 4.2(8),  Step = 0.0(0)
   position      width       height        area          centroid      energy
 1 286(4)        8.1(14)     15(13)        249(29)       281(3)        140.6(16)
 2 250(4)        8.1(14)     10(8)         155(24)       245(3)        122.5(17)
 3 225(4)        8.1(14)     10(8)         162(24)       220(3)        110.1(16)
 4 199(5)        8.1(14)     4(4)          62(42)        194(5)        96.9(23)
 5 191(4)        8.1(14)     6(6)          97(43)        187(4)        93.3(21)
 6 176(4)        8.1(14)     31(25)        502(40)       171(3)        85.5(16)
 7 155(4)        8.1(14)     8(6)          123(19)       150(3)        75.1(17)
 8 118(4)        8.1(14)     19(15)        305(34)       114(3)        56.8(17)
 9 133(4)        8.0(14)     89(73)        1441(92)      129(3)        64.3(16)
10 104(4)        8.0(14)     20(16)        326(29)       99(3)         49.7(17)
11 87(4)         8.0(14)     14(11)        221(24)       82(3)         41.2(17)
12 68(4)         8.0(14)     11(9)         184(29)       63(4)         31.5(18)
13 57(4)         8.0(14)     56(46)        906(66)       52(3)         25.9(17)
14 44(4)         8.0(14)     12(9)         194(33)       39(4)         19.7(19)
15 33(4)         8.0(14)     37(30)        598(51)       28(3)         14.0(17)
16 23(4)         8.0(14)     20(17)        319(46)       19(4)         9.3(18)




