Background: A = 2.43(8),  B = -0.0006(3),  C = 0.0(0)
      Shape: R = 24.0(8),  Beta = 10.18(16),  Step = 0.0(0)
   position      width       height        area          centroid      energy
 1 1861.67(7)    9.33(6)     1155(11)      16215(131)    1856.96(8)    928.48(4)
 2 1702.0(5)     9.25(6)     13.5(12)      188(17)       1697.3(5)     848.6(3)
 3 1664.89(7)    9.23(6)     924(10)       12884(116)    1660.16(8)    830.08(4)
Background: -1
Background: A = 2.43(8),  B = -0.0006(3),  C = 0.0(0)
      Shape: R = 24.0(8),  Beta = 10.18(16),  Step = 0.0(0)
 1 1444.51(17)   9.12(6)     96(3)         1326(38)      1439.75(17)   719.88(9)
 2 1382.9(10)    9.09(6)     5.3(9)        73(12)        1378.2(10)    689.1(5)
 3 1283.6(11)    9.03(6)     5.1(9)        70(13)        1278.8(11)    639.4(6)
 4 1265.26(13)   9.02(6)     172(4)        2365(54)      1260.49(14)   630.24(7)
 5 1243.62(14)   9.01(6)     175(4)        2400(55)      1238.84(15)   619.42(8)
 6 1171.89(15)   8.97(6)     131(3)        1797(45)      1167.11(15)   583.55(8)
 7 1140.62(18)   8.96(6)     99(3)         1359(40)      1135.83(19)   567.91(9)
Background: -1
Background: A = 1.92(10),  B = 0.0013(7),  C = 0.0(0)
      Shape: R = 53(11),  Beta = 6.1(3),  Step = 0.0(0)
   position      width       height        area          centroid      energy
 1 1007.7(7)     7.5(3)      11.8(14)      156(17)       1003.3(6)     501.7(3)
 2 994.5(8)      7.5(3)      11.4(14)      150(17)       990.1(7)      495.1(4)
 3 961.7(5)      7.5(3)      263(13)       3460(64)      957.4(3)      478.69(14)
 4 930.3(5)      7.5(3)      47(3)         621(34)       925.9(4)      462.96(21)
 5 918.6(12)     7.5(3)      8.6(19)       113(24)       914.2(13)     457.1(7)
 6 884.5(15)     7.5(3)      2.9(7)        38(9)         880.1(14)     440.0(7)
 7 822.2(5)      7.4(3)      68(4)         892(32)       817.8(3)      408.92(16)
 8 773.4(5)      7.4(3)      65(4)         846(31)       769.0(3)      384.49(16)
 9 722.8(7)      7.4(3)      9.0(11)       117(13)       718.4(6)      359.2(3)
Background: A = 1.90(13),  B = 0.0(0),  C = 0.0(0)
      Shape: R = 40(70),  Beta = 5(3),  Step = 0.0(0)
   position      width       height        area          centroid      energy
 1 668(4)        10.3(12)    1.2(6)        16(8)         666(3)        332.9(16)
 2 595(3)        10.2(12)    2.2(7)        31(9)         592.5(20)     296.3(10)
 3 567.1(24)     10.2(12)    8.7(15)       119(15)       564.5(10)     282.2(5)
 4 550.4(24)     10.2(12)    4.0(10)       55(12)        547.7(16)     273.9(8)
 5 480.6(23)     10.1(12)    18(3)         245(29)       477.9(9)      238.9(4)
 6 469.1(22)     10.1(12)    24(4)         323(29)       466.4(8)      233.2(4)
 7 443(3)        10.1(12)    18.0(23)      245(20)       439.9(9)      220.0(4)
Background: -1
Background: A = 1.90(0),  B = 0.0(0),  C = 0.0(0)
      Shape: R = 40.0(0),  Beta = 5.0(0),  Step = 0.0(0)
   position      width       height        area          centroid      energy
 1 315.75(19)    7.30(18)    62(3)         672(27)       312.90(19)    156.45(9)
 2 293.6(10)     7.29(18)    5.0(10)       54(11)        290.7(10)     145.4(5)
 3 275.28(22)    7.27(18)    46.3(24)      500(24)       272.43(22)    136.22(11)
 4 252.08(16)    7.26(18)    87(3)         934(33)       249.23(16)    124.62(8)
Background: -1
Background: -1
Background: -1
Background: -1
Background: -1
Background: -1
