Background: -1
Background: -1
Background: -1
Background: -1
Background: -1
Background: A = 0.58(10),  B = -0.0007(14),  C = 0.0(0)
      Shape: R = 10(7),  Beta = 13(6),  Step = 0.0(0)
   position      width       height        area          centroid      energy
 1 1536.5(10)    11.6(6)     4.7(8)        69(11)        1533.4(14)    766.7(7)
 2 1516.9(7)     11.6(6)     13.7(13)      200(17)       1513.7(12)    756.9(6)
Background: -1
Background: -1
Background: -1
Background: -1
Background: A = 0.58(10),  B = -0.0007(14),  C = 0.0(0)
      Shape: R = 10(7),  Beta = 13(6),  Step = 0.0(0)
 1 1346.1(8)     11.5(6)     17.6(19)      256(27)       1342.9(13)    671.5(6)
 2 1335.0(17)    11.5(6)     7.2(19)       105(26)       1331.8(18)    665.9(9)
Background: A = 0.86(7),  B = -0.0001(4),  C = 0.0(0)
      Shape: R = 71(116),  Beta = 6.5(10),  Step = 0.0(0)
   position      width       height        area          centroid      energy
 1 1111(5)       7.6(17)     1.4(9)        21(7)         1106(4)       552.9(21)
 2 1078(4)       7.5(17)     3.6(22)       56(11)        1073(4)       536.3(20)
 3 1064(4)       7.5(17)     2.9(19)       45(15)        1059(5)       529.5(24)
 4 1055(5)       7.5(17)     2.8(21)       43(16)        1050(5)       524.8(23)
 5 985(5)        7.5(17)     1.1(8)        17(7)         980(4)        489.9(22)
 6 960(5)        7.5(17)     1.7(12)       26(8)         954(4)        477.1(21)
 7 924(4)        7.5(17)     2.5(16)       39(9)         919(4)        459.3(20)
 8 897(5)        7.4(17)     1.3(9)        21(7)         891(4)        445.7(21)
 9 857(4)        7.4(17)     16(10)        247(19)       852(4)        425.8(19)
Background: -1
Background: -1
Background: -1
Background: -1
Background: -1
Background: -1
Background: A = 1.92(21),  B = 0.0034(16),  C = 0.0(0)
      Shape: R = 17.0(0),  Beta = 9.6(9),  Step = 0.0(0)
   position      width       height        area          centroid      energy
 1 576.5(4)      9.01(21)    20.3(16)      251(20)       573.1(6)      286.5(3)
 2 503.5(3)      8.97(21)    43(3)         526(37)       500.1(6)      250.0(3)
 3 493.6(7)      8.96(21)    22(3)         276(32)       490.2(8)      245.1(4)
 4 466.4(11)     8.94(21)    5.2(10)       63(12)        462.9(13)     231.5(7)
 5 446.77(21)    8.93(21)    63(3)         767(33)       443.3(6)      221.7(3)
 6 421.2(18)     8.92(21)    8(3)          98(37)        417.8(19)     208.9(10)
 7 414.1(16)     8.91(21)    9(3)          105(38)       410.7(17)     205.3(8)
 8 383.67(24)    8.89(21)    45.7(23)      559(28)       380.2(6)      190.1(3)
 9 338(3)        8.87(21)    1.3(7)        16(9)         335(3)        167.4(14)
10 307.8(11)     8.85(21)    3.6(9)        44(11)        304.4(12)     152.2(6)
Background: -1
Background: -1
Background: -1
Background: -1
Background: A = 2.2(10),  B = 0.0(0),  C = 0.0(0)
      Shape: R = 74(777),  Beta = 2(7),  Step = 0.0(0)
   position      width       height        area          centroid      energy
 1 187(13)       11(3)       2.3(15)       28(22)        186(4)        93.0(21)
 2 176(13)       11(3)       8(5)          100(29)       174(3)        87.2(13)
 3 155(12)       11(3)       7(4)          82(29)        154(3)        77.1(14)
 4 136(13)       11(3)       25(15)        307(74)       134.4(23)     67.2(12)
 5 122(12)       11(3)       7(5)          80(18)        121(5)        60.6(23)
 6 107(12)       11(3)       7(4)          80(23)        106(3)        53.1(17)
 7 93(12)        11(3)       3.1(22)       37(16)        92(4)         45.9(21)
 8 70(13)        11(3)       2.2(15)       27(22)        69(4)         34.6(19)
 9 58(13)        11(3)       11(6)         127(35)       57(3)         28.5(13)
10 44(14)        11(3)       1.6(24)       19(30)        42(12)        21(6)
11 35(12)        11(3)       10(6)         115(34)       33(4)         16.7(19)
12 24(12)        11(3)       5(4)          57(20)        23(4)         11.3(19)





