Background: A = 0.0(0),  B = 0.0(0),  C = 0.0(0)
      Shape: R = 22.0(9),  Beta = 12.56(24),  Step = 0.0(0)
   position      width       height        area          centroid      energy
 1 1861.10(15)   9.41(9)     125(3)        1857(43)      1855.16(18)   927.58(9)
 2 1704.1(5)     9.34(9)     11.0(9)       162(13)       1698.2(5)     849.09(25)
 3 1664.14(9)    9.31(9)     837(11)       12324(115)    1658.18(13)   829.09(6)
 4 1442.68(25)   9.20(9)     41.3(17)      103(10)       1436.7(3)     718.34(13)
Background: POS 1379.1(6) SUM 32(6)
Background: A = 0.0(0),  B = 0.0(0),  C = 0.0(0)
      Shape: R = 9.2(10),  Beta = 17.7(12),  Step = 0.0(0)
   position      width       height        area          centroid      energy
 1 1284.1(6)     11.55(15)   8.3(9)        126(13)       1279.5(7)     639.7(3)
 2 1264.1(3)     11.54(15)   31.2(17)      473(25)       1259.4(4)     629.70(22)
 3 1242.51(16)   11.53(15)   149(4)        2260(50)      1237.8(3)     618.91(15)
 4 1170.9(3)     11.49(15)   32.2(17)      487(24)       1166.2(4)     583.08(21)
 5 1139.41(18)   11.47(15)   108(3)        1626(42)      1134.7(3)     567.35(16)
Background: A = 1.55(9),  B = 0.0(0),  C = 0.0(0)
      Shape: R = 36(6),  Beta = 6.5(4),  Step = 0.0(0)
   position      width       height        area          centroid      energy
 1 1007.8(14)    8.36(20)    3.2(8)        41(10)        1004.2(13)    502.1(7)
 2 993.1(10)     8.36(20)    5.4(9)        68(11)        989.5(10)     494.7(5)
 3 961.3(3)      8.34(20)    297(8)        3757(66)      957.66(17)    478.83(8)
 4 929.7(4)      8.32(20)    50(3)         628(34)       926.1(4)      463.03(18)
 5 917.9(21)     8.31(20)    4.8(18)       60(22)        914.3(21)     457.1(11)
 6 883.9(12)     8.29(20)    3.5(7)        45(9)         880.3(12)     440.2(6)
 7 821.7(4)      8.26(20)    25.3(16)      318(19)       818.0(3)      409.02(17)
 8 773.5(3)      8.23(20)    62(3)         779(29)       769.92(24)    384.96(12)
 9 722.9(11)     8.20(20)    3.9(8)        49(10)        719.3(11)     359.7(5)
Background: -1
Background: -1
Background: -1
Background: -1
Background: -1
Background: -1
Background: A = 1.0(0),  B = 0.0(0),  C = 0.0(0)
      Shape: R = 42(7),  Beta = 6.50(0),  Step = 0.0(0)
   position      width       height        area          centroid      energy
 1 316.1(7)      9.0(3)      9.0(9)        123(12)       312.2(6)      156.1(3)
 2 278.4(7)      8.9(3)      9.7(10)       133(13)       274.6(6)      137.3(3)
 3 253.6(4)      8.9(3)      66(3)         904(32)       249.7(3)      124.85(16)
 4 219.5(8)      8.9(3)      6.5(9)        88(11)        215.7(9)      107.8(4)
 5 185.4(6)      8.9(3)      17.4(16)      238(21)       181.5(6)      90.8(3)
 6 171.3(4)      8.9(3)      64(3)         869(33)       167.5(3)      83.73(17)
 7 45.6(4)       8.8(3)      89(4)         1213(44)      41.7(3)       20.85(17)
 8 30.3(18)      8.8(3)      5.6(18)       76(23)        26.4(19)      13.2(10)









