Background: A = 0.0(0),  B = 0.0(0),  C = 0.0(0)
      Shape: R = 14.0(9),  Beta = 13.0(4),  Step = 0.0(0)
   position      width       height        area          centroid      energy
 1 1861.82(10)   9.36(10)    361(7)        4753(71)      1857.28(16)   928.64(8)
 2 1704.6(7)     9.28(10)    4.6(6)        60(8)         1700.1(8)     850.0(4)
 3 1665.66(12)   9.26(10)    195(5)        2542(51)      1661.10(18)   830.55(9)
 4 1445.3(3)     9.15(10)    18.8(12)      243(16)       1440.7(4)     720.34(19)
Background: POS 1381.7(8) SUM 32(6)
Background: -1
Background: A = 0.0(0),  B = 0.0(0),  C = 0.0(0)
      Shape: R = 16(4),  Beta = 12.8(16),  Step = 0.0(0)
   position      width       height        area          centroid      energy
 1 1267.6(3)     9.5(3)      53(3)         734(32)       1262.7(6)     631.3(3)
 2 1245.3(4)     9.5(3)      24.8(19)      343(23)       1240.4(6)     620.2(3)
 3 1174.0(5)     9.5(3)      12.2(11)      168(14)       1169.1(7)     584.5(4)
 4 1143.7(4)     9.5(3)      19.5(14)      268(17)       1138.8(6)     569.4(3)
Background: POS 1009.3(10) SUM 22(5)
Background: POS 994.9(8) SUM 29(6)
Background: A = 0.69(9),  B = 0.0(0),  C = 0.0(0)
      Shape: R = 31(10),  Beta = 7.4(12),  Step = 0.0(0)
   position      width       height        area          centroid      energy
 1 964.7(5)      7.5(4)      63(4)         735(30)       960.8(5)      480.40(23)
 2 935.1(14)     7.5(4)      6.1(15)       71(18)        931.2(14)     465.6(7)
 3 927.4(25)     7.5(4)      2.8(15)       33(17)        923.5(25)     461.7(12)
Background: -1
Background: A = 0.69(9),  B = 0.0(0),  C = 0.0(0)
      Shape: R = 31(10),  Beta = 7.4(12),  Step = 0.0(0)
   position      width       height        area          centroid      energy
 1 825.1(6)      7.5(4)      10.8(12)      127(13)       821.2(6)      410.6(3)
 2 777.1(6)      7.4(4)      13.0(13)      152(14)       773.2(6)      386.6(3)
 3 714.0(15)     7.4(4)      2.1(6)        25(7)         710.1(16)     355.0(8)
Background: -1
Background: -1
Background: A = 1.18(10),  B = 0.0(0),  C = 0.0(0)
      Shape: R = 44(13),  Beta = 7.40(0),  Step = 0.0(0)
   position      width       height        area          centroid      energy
 1 484.7(10)     8.3(7)      7.3(9)        103(12)       479.8(9)      239.9(5)
Background: -1
Background: A = 1.18(10),  B = 0.0(0),  C = 0.0(0)
      Shape: R = 44(13),  Beta = 7.40(0),  Step = 0.0(0)
   position      width       height        area          centroid      energy
 1 449.3(15)     8.3(7)      2.8(6)        40(9)         444.5(15)     222.2(8)
 2 422.8(19)     8.3(7)      2.0(6)        28(8)         418.0(19)     209.0(10)
 3 320.8(9)      8.2(7)      14.8(15)      208(17)       315.9(8)      158.0(4)
 4 280.7(9)      8.2(7)      11.1(12)      156(15)       275.9(9)      138.0(4)
 5 258.5(9)      8.2(7)      13.2(14)      185(16)       253.7(9)      126.8(4)
 6 209.5(12)     8.1(7)      4.4(8)        61(10)        204.7(12)     102.3(6)
 7 188.7(17)     8.1(7)      2.9(8)        41(12)        183.9(19)     91.9(10)
 8 176.4(9)      8.1(7)      12.4(15)      173(17)       171.6(9)      85.8(5)
Background: A = 1.0(0),  B = 0.0(0),  C = 0.0(0)
      Shape: R = 44.0(0),  Beta = 7.40(0),  Step = 0.0(0)
   position      width       height        area          centroid      energy
 1 50.2(4)       5.0(6)      21.1(20)      232(17)       44.8(4)       22.39(18)
Background: -1




