Background: A = 2.8(5),  B = 0.0(0),  C = 0.0(0)
      Shape: R = 42(154),  Beta = 4(6),  Step = 0.0(0)
   position      width       height        area          centroid      energy
 1 1244(4)       9.3(22)     12(3)         154(26)       1241.2(13)    620.6(7)
 2 1232(4)       9.3(22)     9(3)          113(19)       1229.8(16)    614.9(8)
 3 1212(4)       9.3(22)     15(4)         183(22)       1209.5(14)    604.7(7)
 4 1195(4)       9.3(22)     11(3)         141(17)       1192.7(15)    596.4(7)
Background: -1
Background: -1
Background: -1
Background: -1
Background: -1
Background: -1
Background: -1
Background: -1
Background: -1
Background: A = 4.0(0),  B = 0.0(0),  C = 0.0(0)
      Shape: R = 16(6),  Beta = 11(3),  Step = 0.0(0)
   position      width       height        area          centroid      energy
 1 961.9(7)      9.5(4)      14.3(17)      188(23)       957.9(10)     479.0(5)
 2 950.8(14)     9.5(4)      6.8(16)       90(20)        946.9(15)     473.4(8)
 3 920.7(6)      9.5(4)      20.1(21)      263(27)       916.8(9)      458.4(5)
 4 909.0(5)      9.4(4)      39(3)         514(32)       905.1(8)      452.5(4)
 5 860.1(12)     9.4(4)      5.9(11)       77(14)        856.2(14)     428.1(7)
 6 840(4)        9.4(4)      1.5(9)        19(11)        836(4)        418.1(19)
 7 806.8(8)      9.4(4)      9.7(12)       127(16)       802.9(10)     401.4(5)
 8 788.0(9)      9.4(4)      11.4(16)      149(21)       784.0(11)     392.0(6)
 9 776.6(10)     9.4(4)      10.2(17)      133(21)       772.6(12)     386.3(6)
10 760.3(10)     9.4(4)      8.7(14)       113(17)       756.3(12)     378.2(6)
11 745.7(7)      9.4(4)      13.3(15)      173(19)       741.7(10)     370.9(5)
12 729.5(6)      9.3(4)      15.6(16)      203(20)       725.5(9)      362.8(5)
13 700.8(5)      9.3(4)      22.8(17)      297(21)       696.8(9)      348.4(4)
14 673(4)        9.3(4)      1.3(9)        16(12)        669(5)        334.3(23)
15 653.0(11)     9.3(4)      11.0(22)      143(29)       649.0(13)     324.5(7)
16 644.2(13)     9.3(4)      10.2(23)      133(29)       640.2(14)     320.1(7)
Background: A = 3.0(0),  B = 0.0(0),  C = 0.0(0)
      Shape: R = 26(123),  Beta = 2(16),  Step = 0.0(0)
   position      width       height        area          centroid      energy
 1 580(4)        15(3)       14.1(13)      234(33)       579.5(14)     289.7(7)
 2 557(3)        15(3)       7.6(12)       125(23)       556(3)        278.1(15)
 3 541(4)        15(3)       5.8(17)       96(20)        541(3)        270.4(13)
 4 509(4)        15(3)       6.7(10)       111(23)       508.1(21)     254.1(11)
 5 492(4)        15(3)       3.3(11)       54(15)        492(3)        245.9(17)
Background: A = 4.0(0),  B = 0.0(0),  C = 0.0(0)
      Shape: R = 100(4784),  Beta = 6.0(0),  Step = 0.0(0)
   position      width       height        area          centroid      energy
 1 473(156)      10.0(0)     4(87)         78(15)        467(131)      233(65)
 2 454(156)      10.0(0)     8(168)        152(17)       448(131)      224(65)
 3 414(156)      10.0(0)     9(191)        172(21)       408(131)      204(65)
 4 427(156)      10.0(0)     3(72)         65(19)        421(131)      211(65)
Background: -1
Background: -1
Background: -1
Background: -1
Background: -1
Background: -1
Background: -1
Background: -1
Background: -1
Background: -1
Background: -1
Background: A = 3.0(0),  B = 0.0(0),  C = 0.0(0)
      Shape: R = 136(320),  Beta = 2(3),  Step = 0.0(0)
   position      width       height        area          centroid      energy
 1 169(7)        13.8(16)    9(4)          147(23)       166.4(21)     83.2(10)
 2 154(7)        13.8(16)    3.6(17)       59(17)        152(4)        75.8(20)
 3 136(6)        13.7(16)    11(4)         175(20)       133.5(22)     66.7(11)
 4 116(6)        13.7(16)    18(7)         299(28)       113.3(21)     56.7(11)
 5 98(7)         13.7(16)    7(3)          119(30)       96(4)         48.0(20)
 6 85(7)         13.7(16)    13(5)         210(38)       82(3)         41.1(17)
 7 71(7)         13.7(16)    21(9)         342(41)       69(3)         34.5(14)
 8 59(7)         13.7(16)    7(4)          123(39)       56(4)         28.0(20)
 9 43(8)         13.7(16)    5.1(23)       84(21)        41(4)         20.3(19)
10 28(7)         13.7(16)    17(7)         275(26)       25.3(17)      12.7(8)

