Background: A = 10.1(10),  B = 0.0(0),  C = 0.0(0)
      Shape: R = 39(17),  Beta = 6.0(0),  Step = 0.0(0)
   position      width       height        area          centroid      energy
 1 1245.6(10)    11.0(6)     26(3)         392(46)       1242.5(9)     621.3(4)
 2 1232.7(9)     11.0(6)     34(3)         506(43)       1229.6(9)     614.8(5)
 3 1213.0(8)     11.0(6)     41(3)         618(41)       1209.9(8)     604.9(4)
 4 1193.7(8)     11.0(6)     41(3)         622(39)       1190.5(8)     595.3(4)
 5 1152.5(9)     10.9(6)     29.6(23)      442(45)       1149.4(9)     574.7(4)
 6 1137.1(8)     10.9(6)     61(4)         913(55)       1133.9(8)     567.0(4)
 7 1122.0(20)    10.9(6)     9(3)          128(33)       1119(3)       559.4(13)
 8 1105.2(9)     10.9(6)     25.6(22)      383(35)       1102.0(9)     551.0(5)
 9 1085.2(9)     10.9(6)     32.5(25)      485(37)       1082.1(8)     541.0(4)
10 1060.2(10)    10.9(6)     13.9(18)      207(30)       1057.1(11)    528.5(5)
Background: A = 7.0(0),  B = 0.0(0),  C = 0.0(0)
      Shape: R = 19(4),  Beta = 12.4(16),  Step = 0.0(0)
   position      width       height        area          centroid      energy
 1 1020.7(5)     11.5(3)     33.9(25)      551(40)       1015.8(7)     507.9(3)
 2 1006.8(5)     11.5(3)     52(3)         842(45)       1002.0(6)     501.0(3)
 3 986.5(7)      11.5(3)     20.2(19)      328(29)       981.7(8)      490.8(4)
 4 960.5(5)      11.5(3)     54(3)         880(55)       955.6(6)      477.8(3)
 5 948.6(8)      11.5(3)     31(3)         500(52)       943.7(8)      471.9(4)
 6 920.1(5)      11.5(3)     53(4)         864(71)       915.3(7)      457.6(3)
 7 908.9(4)      11.5(3)     106(5)        1724(76)      904.1(5)      452.0(3)
 8 858.0(7)      11.4(3)     17.1(16)      277(26)       853.2(9)      426.6(4)
 9 840.5(19)     11.4(3)     5.1(13)       83(20)        835.6(20)     417.8(10)
10 805.4(4)      11.4(3)     36.4(20)      587(32)       800.6(6)      400.3(3)
11 783.4(11)     11.4(3)     30(6)         488(105)      778.6(12)     389.3(6)
12 774.9(14)     11.4(3)     28(6)         455(99)       770.0(15)     385.0(7)
13 759.7(9)      11.4(3)     20.5(22)      330(35)       754.8(10)     377.4(5)
14 743.9(9)      11.4(3)     17.5(19)      282(30)       739.1(10)     369.5(5)
15 726.5(4)      11.4(3)     47.2(24)      760(36)       721.6(6)      360.8(3)
16 698.8(4)      11.4(3)     57.9(25)      932(38)       693.9(5)      346.9(3)
17 672.2(10)     11.3(3)     10.9(16)      176(25)       667.3(12)     333.7(6)
18 651.9(7)      11.3(3)     33(4)         523(57)       647.0(8)      323.5(4)
19 641.4(8)      11.3(3)     34(4)         549(59)       636.5(8)      318.3(4)
Background: -1
Background: -1
Background: -1
Background: -1
Background: -1
Background: -1
Background: -1
Background: -1
Background: -1
Background: -1
Background: -1
Background: -1
Background: A = 15.0(0),  B = 0.0(0),  C = 0.0(0)
      Shape: R = 100(223),  Beta = 1.7(18),  Step = 0.0(0)
   position      width       height        area          centroid      energy
 1 322(4)        11.9(8)     32(7)         446(31)       320.1(8)      160.0(4)
 2 298(4)        11.9(8)     7.4(21)       102(20)       296.3(17)     148.2(9)
 3 275(4)        11.8(8)     19(4)         260(25)       273.8(10)     136.9(5)
 4 252(4)        11.8(8)     26(6)         354(32)       250.5(10)     125.2(5)
 5 236(4)        11.8(8)     29(7)         399(36)       234.2(12)     117.1(6)
 6 223(4)        11.8(8)     18(5)         246(32)       221.2(15)     110.6(7)
 7 204(4)        11.8(8)     33(8)         454(31)       202.5(9)      101.2(4)
 8 183(4)        11.8(8)     21(5)         284(26)       181.0(11)     90.5(5)
 9 161(4)        11.8(8)     27(6)         365(28)       159.8(9)      79.9(4)
10 136(5)        11.8(8)     15(6)         210(66)       134.2(20)     67.1(10)
11 126(5)        11.7(8)     18(5)         249(54)       124.6(24)     62.3(12)
12 112(4)        11.7(8)     53(12)        720(59)       110.0(11)     55.0(6)
13 101(4)        11.7(8)     18(6)         245(53)       99.1(19)      49.5(9)
14 85(4)         11.7(8)     7.6(20)       105(25)       83(3)         41.4(13)
15 68(4)         11.7(8)     51(12)        696(47)       66.7(9)       33.4(5)
16 54(4)         11.7(8)     20(6)         279(36)       52.7(18)      26.4(9)
17 43(4)         11.7(8)     18(5)         240(38)       40.9(16)      20.4(8)
18 25(4)         11.7(8)     53(13)        729(37)       22.9(8)       11.4(4)









