File run581spe.spe  Spectrum run581sp  26-Apr-18 13:56:45
 Fitted chs 1041 to 1261, 10 peaks
 25 indept. pars,  196 degrees of freedom,  weighted with fit.
Relative widths fixed.
 15 iterations,  Chisq/d.o.f.= 0.992
 Background: A = 1.6(7),  B = 0.006(5),  C = 0.0(0)
      Shape: R = 43(49),  Beta = 7(5),  Step = 0.0(0)
   position      width       height        area          centroid      energy
 1 1241.8(21)    9.3(13)     6.9(16)       103(25)       1237(3)       618.6(13)
 2 1231.3(21)    9.3(13)     6.7(19)       100(24)       1227(3)       613.3(13)
 3 1213.3(21)    9.2(13)     8.1(14)       120(17)       1209(3)       604.3(14)
 4 1196.0(20)    9.2(13)     8.7(16)       130(17)       1191(3)       595.7(13)
 5 1152.7(20)    9.2(13)     8.1(16)       121(28)       1148(3)       574.1(13)
 6 1137.1(18)    9.2(13)     13.5(21)      201(31)       1132(3)       566.2(13)
 7 1124(5)       9.2(13)     1.6(13)       24(17)        1119(6)       560(3)
 8 1104.3(22)    9.2(13)     8.0(15)       118(25)       1100(3)       549.9(14)
 9 1085.0(21)    9.2(13)     10.6(18)      156(27)       1080(3)       540.2(14)
10 1059.7(24)    9.2(13)     7.2(16)       107(27)       1055(3)       527.5(15)
Background: A = 2.5(12),  B = 0.009(16),  C = 0.0(0)
      Shape: R = 254(211),  Beta = 7.0(0),  Step = 0.0(0)
   position      width       height        area          centroid      energy
 1 1026.6(15)    10.1(13)    4(3)          139(24)       1017(7)       508(4)
 2 1012.8(16)    10.1(13)    5(4)          200(42)       1003(7)       501(3)
 3 993.1(20)     10.1(13)    2.1(19)       78(29)        983(7)        492(4)
 4 966.1(21)     10.0(13)    5(3)          180(39)       956(7)        478(3)
 5 956(3)        10.0(13)    3.0(25)       115(37)       946(6)        473(3)
Background: -1
Background: -1
Background: -1
Background: -1
Background: -1
Background: -1
Background: -1
Background: -1
Background: A = 4.6(8),  B = 0.0(0),  C = 0.0(0)
      Shape: R = 8(1438),  Beta = 2(107),  Step = 0.0(0)
   position      width       height        area          centroid      energy
 1 732(14)       10(4)       8.0(23)       84(26)        732.0(16)     0(0)    
 2 724(14)       10(4)       7.1(25)       74(23)        723.6(17)     0(0)
 3 699(14)       10(4)       13.2(24)      137(23)       699.0(11)     0(0)
 4 670(14)       10(4)       1.3(15)       13(15)        670(4)        0(0)
 5 649(14)       10(4)       8.4(22)       87(25)        649.0(15)     0(0)
 6 640(14)       10(4)       5.8(21)       60(20)        640.2(19)     0(0)
Background: A = 2.0(0),  B = 0.0(0),  C = 0.0(0)
      Shape: R = 58(102),  Beta = 6.0(0),  Step = 0.0(0)
   position      width       height        area          centroid      energy
 1 581(5)        14.1(25)    9.6(23)       187(24)       576.7(24)     0(0)    
 2 561(5)        14.1(25)    2.6(12)       51(16)        557(5)        0(0)
 3 543(5)        14.0(25)    6.7(21)       131(18)       539(3)        0(0)
 4 504(5)        14.0(25)    3.3(10)       65(16)        500(3)        0(0)
 5 488(15)       14.0(25)    0.6(7)        11(13)        484(16)       0(0)
 6 469(5)        14.0(25)    3.5(11)       69(17)        465(4)        0(0)
 7 452(5)        14.0(25)    6.8(21)       132(18)       448(3)        0(0)
 8 416(5)        14.0(25)    6.8(17)       131(22)       412(3)        0(0)
 9 399(5)        14.0(25)    3.7(15)       73(17)        395(4)        0(0)
10 376(6)        13.9(25)    2.2(10)       42(19)        372(6)        0(0)
11 361(5)        13.9(25)    3.3(13)       65(19)        357(5)        0(0)
12 345(5)        13.9(25)    5.1(17)       98(19)        341(3)        0(0)
13 322(5)        13.9(25)    6.9(21)       133(16)       318(3)        0(0)
Background: -1
Background: A = 3.0(0),  B = 0.0(0),  C = 0.0(0)
      Shape: R = 0.0(0),  Beta = 1.5549(0),  Step = 0.0(0)
   position      width       height        area          centroid      energy
 1 274.6(16)     18.3(6)     5.5(8)        107(15)       274.6(16)     0(0)
 2 250(3)        18.3(6)     6.3(14)       122(27)       250(3)        0(0)
 3 233(4)        18.3(6)     6.9(15)       135(29)       233(4)        0(0)
 4 215(15)       18.3(6)     2.7(23)       53(45)        215(15)       0(0)
 5 201(10)       18.3(6)     4.6(22)       90(42)        201(10)       0(0)
 6 186(7)        18.2(6)     3.8(22)       73(43)        186(7)        0(0)
 7 163.9(17)     18.2(6)     6.2(9)        120(18)       163.9(17)     0(0)
Background: -1
Background: A = 3.0(0),  B = 0.0(0),  C = 0.0(0)
      Shape: R = 0.0(0),  Beta = 1.5549(0),  Step = 0.0(0)
   position      width       height        area          centroid      energy
 1 130.9(14)     18.2(6)     7.0(10)       136(18)       130.9(14)     0(0)
 2 109.0(8)      18.2(6)     14.1(12)      273(21)       109.0(8)      0(0)
Background: -1
Background: -1
Background: A = 3.0(0),  B = 0.0(0),  C = 0.0(0)
      Shape: R = 0.0(0),  Beta = 1.5549(0),  Step = 0.0(0)
   position      width       height        area          centroid      energy
 1 72.1(13)      18.2(6)     9.1(12)       175(22)       72.1(13)      0(0)
 2 53.9(16)      18.2(6)     8.1(12)       156(22)       53.9(16)      0(0)
Background: -1
Background: A = 3.0(0),  B = 0.0(0),  C = 0.0(0)
      Shape: R = 0.0(0),  Beta = 1.5549(0),  Step = 0.0(0)
   position      width       height        area          centroid      energy
 1 24.8(8)       18.1(6)     10.6(10)      205(18)       24.8(8)       0(0)



