Background: A = 0.97(8),  B = 0.0006(4),  C = 0.0(0)
      Shape: R = 173(98),  Beta = 5.8(11),  Step = 0.0(0)
   position      width       height        area          centroid      energy
 1 1725.4(18)    10.1(15)    4.1(15)       103(14)       1718(3)       858.9(13)
 2 1707(3)       10.1(15)    1.1(5)        27(9)         1700(4)       849.8(18)
 3 1669.0(18)    10.0(15)    3.0(11)       76(11)        1661(3)       830.7(13)
 4 1639.9(17)    10.0(15)    6.3(23)       159(15)       1632.4(24)    816.2(12)
 5 1566.9(23)    10.0(15)    1.1(5)        29(8)         1559(3)       779.7(15)
 6 1543(3)       10.0(15)    0.8(4)        20(7)         1536(4)       767.8(21)
 7 1525.4(17)    10.0(15)    5.2(19)       130(14)       1518(3)       758.9(13)
 8 1449.1(18)    10.0(15)    3.4(13)       85(12)        1442(3)       720.8(13)
 9 1426(3)       9.9(15)     0.8(4)        19(7)         1418(4)       709.1(19)
10 1399(3)       9.9(15)     0.7(4)        17(7)         1392(4)       695.9(18)
11 1349.4(18)    10.0(15)    4.6(17)       116(19)       1342(3)       670.9(13)
12 1338(3)       9.9(15)     1.5(9)        38(16)        1330(4)       665.2(18)
Background: A = 0.90(7),  B = -0.0008(8),  C = 0.0(0)
      Shape: R = 54(157),  Beta = 5(3),  Step = 0.0(0)
   position      width       height        area          centroid      energy
 1 1110(6)       9(3)        1.8(10)       25(8)         1107(3)       553.4(14)
 2 1078(6)       9(3)        4.4(20)       62(16)        1074(3)       537.2(14)
 3 1066(5)       9(3)        2.8(17)       39(12)        1063(4)       531.4(18)
 4 1050(6)       9(3)        4.2(20)       59(11)        1047(3)       523.4(13)
Background: -1
Background: -1
Background: -1
Background: -1
Background: A = 1.92(15),  B = 0.0006(15),  C = 0.0(0)
      Shape: R = 34(8),  Beta = 7.0(8),  Step = 0.0(0)
   position      width       height        area          centroid      energy
 1 855.8(5)      7.3(3)      16.5(16)      193(17)       851.9(5)      426.0(3)
 2 809.6(6)      7.3(3)      13.9(14)      162(16)       805.7(6)      402.9(3)
 3 731.5(4)      7.2(3)      80(4)         928(33)       727.6(4)      363.79(19)
 4 656.0(6)      7.2(3)      12.1(13)      140(15)       652.0(6)      326.0(3)
 5 634.0(5)      7.2(3)      19.3(16)      223(18)       630.0(5)      315.0(3)
 6 604.2(11)     7.2(3)      4.3(9)        50(11)        600.3(11)     300.1(6)
 7 578.8(6)      7.1(3)      14.3(15)      164(17)       574.8(6)      287.4(3)
Background: A = 2.9(3),  B = -0.005(3),  C = 0.0(0)
      Shape: R = 20(6),  Beta = 9.2(20),  Step = 0.0(0)
   position      width       height        area          centroid      energy
 1 505.6(3)      7.3(3)      59(3)         645(40)       501.6(8)      250.8(4)
 2 495.1(7)      7.3(3)      16(3)         179(28)       491.1(9)      245.6(5)
 3 473(4)        7.2(3)      1.1(11)       12(12)        469(5)        234.5(23)
 3 449.3(3)      7.2(3)      47(3)         513(29)       445.3(9)      222.7(4)
 4 421.8(6)      7.2(3)      18.6(21)      202(24)       417.8(10)     208.9(5)
 5 413.2(24)     7.2(3)      3.4(18)       37(19)        409(3)        204.6(13)
 6 386.1(4)      7.2(3)      34.2(23)      372(26)       382.1(9)      191.0(4)
 7 342.8(7)      7.1(3)      10.0(15)      108(17)       338.7(11)     169.4(5)
 8 310.0(20)     7.1(3)      2.3(11)       25(13)        305.9(22)     153.0(11)
Background: -1
Background: -1
Background: -1
Background: -1
Background: A = 2.5(3),  B = 0.0(0),  C = 0.0(0)
      Shape: R = 50(123),  Beta = 3(3),  Step = 0.0(0)
   position      width       height        area          centroid      energy
 1 180(3)        6.8(12)     21(5)         203(26)       177.8(9)      88.9(4)
 2 170.6(24)     6.7(12)     14(4)         136(19)       168.6(12)     84.3(6)
 3 161(3)        6.7(12)     9(3)          81(15)        158.6(12)     79.3(6)
 4 138(3)        6.7(12)     19(5)         175(19)       135.9(8)      67.9(4)
 5 125(3)        6.7(12)     5.5(15)       51(13)        122.7(16)     61.4(8)
 6 113(3)        6.7(12)     10(3)         95(13)        110.6(10)     55.3(5)
 7 92(6)         6.7(12)     0.7(8)        6(7)          90(5)         45(3)
 8 69(6)         6.7(12)     0.8(12)       8(11)         67(7)         34(3)
 9 61(3)         6.7(12)     14(4)         134(20)       59.4(11)      29.7(6)
10 52.6(24)      6.7(12)     6.1(23)       57(15)        50.6(16)      25.3(8)
11 37(3)         6.7(12)     7.1(21)       67(12)        35.0(12)      17.5(6)
12 26(3)         6.7(12)     4.1(15)       38(10)        24.0(15)      12.0(8)








