Background: A = 2.41(16),  B = -0.0061(9),  C = 0.0(0)
      Shape: R = 57(32),  Beta = 7.7(10),  Step = 0.0(0)
   position      width       height        area          centroid      energy
 1 1717.1(19)    10.8(8)     5.6(10)       102(14)       1711.5(12)    855.7(6)
 2 1692(3)       10.8(8)     1.5(6)        28(10)        1686(3)       843.2(15)
 3 1663.9(22)    10.7(8)     2.9(7)        53(11)        1658.2(18)    829.1(9)
 4 1630.5(16)    10.7(8)     42(5)         765(32)       1624.9(8)     812.4(4)
 5 1597(4)       10.7(8)     1.8(6)        33(12)        1592(3)       795.8(16)
 6 1532.6(16)    10.7(8)     12.4(18)      226(22)       1526.9(11)    763.5(6)
 7 1514.1(16)    10.7(8)     40(5)         727(32)       1508.4(9)     754.2(5)
 8 1439(3)       10.6(8)     2.2(8)        40(12)        1433.1(24)    716.6(12)
 9 1411(3)       10.6(8)     3.1(9)        55(14)        1405.6(23)    702.8(11)
10 1394.4(24)    10.6(8)     3.6(10)       65(15)        1388.8(21)    694.4(11)
11 1341.1(15)    10.6(8)     56(7)         1013(65)      1335.5(10)    667.7(5)
12 1329(5)       10.6(8)     4(3)          64(53)        1323(6)       662(3)
Background: A = 2.69(14),  B = 0.0030(16),  C = 0.0(0)
      Shape: R = 69(77),  Beta = 8.0(9),  Step = 0.0(0)
   position      width       height        area          centroid      energy
 1 1106(4)       10.7(15)    2.9(12)       58(13)        1100(3)       549.9(16)
 2 1074(4)       10.7(15)    11(4)         216(31)       1067(3)       533.7(15)
 3 1060(5)       10.7(15)    8(5)          168(91)       1053(5)       526.5(24)
 4 1051(5)       10.7(15)    9(6)          189(100)      1045(4)       522.3(19)
 5 996(5)        10.6(15)    1.5(8)        31(14)        990(5)        494.9(25)
 6 979(4)        10.6(15)    3.5(14)       70(16)        972(3)        486.1(17)
 7 952(4)        10.6(15)    4.3(16)       85(17)        945(3)        472.6(16)
Background: -1
Background: -1
Background: -1
Background: A = 4.2(4),  B = 0.001(4),  C = 0.0(0)
      Shape: R = 36(10),  Beta = 6.7(7),  Step = 0.0(0)
   position      width       height        area          centroid      energy
 1 725.5(4)      9.7(3)      171(6)        2385(57)      721.92(24)    360.96(12)
 2 650.6(5)      9.6(3)      32.3(21)      450(27)       647.1(4)      323.55(20)
 3 627.7(5)      9.6(3)      53(3)         732(32)       624.2(3)      312.09(17)
 4 599.4(8)      9.6(3)      13.9(14)      193(20)       595.8(7)      297.9(3)
 5 572.5(5)      9.6(3)      51(3)         707(33)       568.9(3)      284.45(17)
Background: A = 6.1(3),  B = 0.004(3),  C = 0.0(0)
      Shape: R = 36.0(0),  Beta = 6.70(0),  Step = 0.0(0)
   position      width       height        area          centroid      energy
 1 499.06(20)    8.65(15)    152(6)        1975(73)      495.39(20)    247.70(10)
 2 489.3(6)      8.64(15)    49(5)         632(65)       485.7(6)      242.8(3)
 3 465.9(6)      8.63(15)    15.8(17)      205(22)       462.2(6)      231.1(3)
 4 443.54(14)    8.61(15)    143(4)        1853(47)      439.87(14)    219.93(7)
 5 419(3)        8.60(15)    14(12)        179(153)      415(3)        207.6(13)
 6 413.4(9)      8.59(15)    46(12)        600(156)      409.8(9)      204.9(4)
 7 379.33(16)    8.57(15)    110(4)        1426(42)      375.66(16)    187.83(8)
 8 333(10)       8.54(15)    0.6(11)       8(15)         330(10)       165(5)
 9 306.9(7)      8.53(15)    10.7(15)      138(20)       303.3(7)      151.6(4)
Background: -1
Background: -1
Background: -1
Background: -1
Background: -1
Background: -1
Background: -1
 Background: A = 6.5(17),  B = 0.0(0),  C = 0.0(0)
      Shape: R = 154(168),  Beta = 3.8(14),  Step = 0.0(0)
   position      width       height        area          centroid      energy
 1 133.8(21)     7.6(16)     41(22)        663(80)       129.0(19)     64.5(10)
 2 117.5(24)     7.6(16)     10(6)         161(27)       112.6(22)     56.3(11)
 3 103.3(22)     7.6(16)     10(6)         164(33)       98.5(21)      49.2(10)
 4 86.6(22)      7.6(16)     8(5)          128(33)       81.8(21)      40.9(11)
 5 69.1(19)      7.6(16)     5(3)          82(23)        64(3)         32.1(15)
 6 57.6(20)      7.6(16)     29(17)        478(67)       52.8(21)      26.4(10)
 7 46.1(25)      7.6(16)     5(3)          79(26)        41(3)         20.6(15)
 8 33.4(21)      7.6(16)     14(8)         235(41)       28.5(22)      14.3(11)
 9 23.1(22)      7.6(16)     9(6)          153(32)       18.2(21)      9.1(11)



