Background: A = 0.0(0),  B = 0.0(0),  C = 0.0(0)
      Shape: R = 12.9(5),  Beta = 14.1(3),  Step = 0.0(0)
   position      width       height        area          centroid      energy
 1 1867.52(8)    10.86(6)    615(8)        9047(97)      1863.06(10)   931.53(5)
 2 1706.6(4)     10.78(6)    16.7(11)      244(16)       1702.2(4)     851.08(20)
 3 1669.27(7)    10.76(6)    836(9)        12211(113)    1664.79(10)   832.39(5)
 4 1449.41(18)   10.65(6)    78.3(24)      1135(34)      1444.90(19)   722.45(10)
 5 1387.7(4)     10.62(6)    16.9(11)      244(16)       1383.1(4)     691.57(21)
Background: A = 0.0(0),  B = 0.0(0),  C = 0.0(0)
      Shape: R = 15.0(16),  Beta = 11.9(7),  Step = 0.0(0)
   position      width       height        area          centroid      energy
 1 1288.9(7)     9.99(15)    6.5(8)        89(11)        1284.9(7)     642.4(4)
 2 1270.00(19)   9.98(15)    93(3)         1274(40)      1266.0(3)     632.99(13)
 3 1248.21(17)   9.97(15)    124(4)        1690(44)      1244.18(24)   622.09(12)
 4 1175.96(17)   9.93(15)    143(4)        1940(47)      1171.92(23)   585.96(11)
 5 1144.76(22)   9.91(15)    72(3)         982(34)       1140.7(3)     570.36(14)
Background: A = 1.58(13),  B = 0.0(0),  C = 0.0(0)
      Shape: R = 33(5),  Beta = 7.4(6),  Step = 0.0(0)
   position      width       height        area          centroid      energy
 1 1011.9(5)     8.15(20)    15.1(14)      190(17)       1008.0(5)     504.01(25)
 2 996.2(7)      8.15(20)    10.9(13)      137(15)       992.2(7)      496.1(3)
 3 965.4(3)      8.13(20)    220(6)        2762(57)      961.45(22)    480.72(11)
 4 933.7(4)      8.11(20)    34.8(21)      436(27)       929.8(4)      464.89(22)
 5 918.1(19)     8.10(20)    3.6(11)       45(14)        914.2(19)     457.1(10)
 6 887.0(18)     8.08(20)    2.1(7)        26(8)         883.0(18)     441.5(9)
 7 825.9(3)      8.05(20)    47.5(23)      593(26)       822.0(3)      410.98(15)
 8 776.7(3)      8.02(20)    40.3(21)      501(24)       772.7(3)      386.36(16)
 9 725.1(7)      7.99(20)    7.9(10)       98(12)        721.2(7)      360.6(3)
Background: A = 2.02(10),  B = 0.0(0),  C = 0.0(0)
      Shape: R = 28(3),  Beta = 7.40(0),  Step = 0.0(0)
   position      width       height        area          centroid      energy
 1 569.8(9)      9.66(24)    6.4(9)        86(13)        566.5(9)      283.2(5)
 2 553(4)        9.65(24)    1.3(7)        17(9)         550(4)        274.8(18)
 3 484.5(7)      9.61(24)    12.4(15)      167(21)       481.1(7)      240.6(4)
 4 472.2(5)      9.60(24)    30.3(20)      407(26)       468.9(5)      234.45(23)
 5 446.6(8)      9.59(24)    7.9(10)       106(14)       443.3(9)      221.6(4)
 6 414.8(7)      9.57(24)    9.7(10)       130(14)       411.5(7)      205.7(3)
 7 317.3(3)      9.51(24)    34.7(18)      463(24)       314.0(3)      156.99(17)
 8 278.2(3)      9.49(24)    36.0(19)      479(25)       274.8(3)      137.42(17)
 9 253.8(3)      9.47(24)    54.9(25)      731(29)       250.4(3)      125.22(15)
10 216.1(6)      9.44(24)    11.3(11)      149(15)       212.7(6)      106.4(3)
11 187.2(7)      9.43(24)    12.0(13)      159(17)       183.9(7)      91.9(3)
12 172.2(3)      9.42(24)    49.8(24)      659(29)       168.8(3)      84.40(16)
13 45.6(4)       9.33(24)    63(4)         833(58)       42.3(4)       21.14(19)
14 36.6(6)       9.33(24)    42(4)         554(57)       33.3(6)       16.6(3)








