Background: A = 3.0(21),  B = 0.006(17),  C = 0.0(0)
      Shape: R = 40(23),  Beta = 9(4),  Step = 0.0(0)
   position      width       height        area          centroid      energy
 1 1235.8(10)    10.3(9)     30(3)         508(71)       1230.0(22)    615.0(11)
 2 1220.8(10)    10.3(9)     24(3)         406(48)       1215.0(22)    607.5(11)
 3 1201.2(11)    10.3(9)     34(3)         583(50)       1195.4(24)    597.7(12)
 4 1183.4(11)    10.3(9)     29(3)         503(42)       1177.6(23)    588.8(11)
 5 1142.4(12)    10.3(9)     17(3)         292(58)       1136.6(23)    568.3(11)
 6 1126.0(11)    10.3(9)     54(5)         925(107)      1120.1(23)    560.1(11)
 7 1104(5)       10.2(9)     4(3)          72(53)        1098(6)       549(3)
 8 1094.3(14)    10.2(9)     24(4)         402(70)       1089(3)       544.3(13)
 9 1073.3(12)    10.2(9)     29(3)         498(79)       1067.5(25)    533.7(12)
Background: -1
Background: -1
Background: -1
Background: -1
Background: -1
Background: -1
Background: A = 5.0(0),  B = 0.0(0),  C = 0.0(0)
      Shape: R = 99(463),  Beta = 9.8(5),  Step = 0.0(0)
   position      width       height        area          centroid      energy
 1 920(18)       10.0(0)     56(157)       1492(57)      911(27)       455(14)
 2 902(18)       10.0(0)     55(153)       1457(55)      893(27)       446(14)
 3 853(18)       10.0(0)     10(27)        253(24)       843(27)       422(14)
 4 833(18)       10.0(0)     3(10)         91(20)        823(27)       411(14)
 5 800(18)       10.0(0)     19(53)        509(30)       790(27)       395(14)
 6 778(15)       7.4(8)      23(73)        568(77)       768(31)       384(15)
 7 769(15)       7.4(8)      11(35)        276(73)       759(31)       380(15)
 8 753(18)       10.0(0)     14(39)        369(42)       743(27)       372(13)
 9 738(19)       10.0(0)     5(13)         127(38)       728(27)       364(13)
10 723(18)       10.0(0)     22(61)        578(38)       713(27)       356(14)
11 695(18)       10.0(0)     35(97)        920(37)       685(27)       342(14)
12 666(15)       7.4(8)      6(18)         139(23)       657(31)       328(15)
13 649(15)       7.4(8)      12(38)        293(52)       639(31)       320(15)
14 640(14)       7.3(8)      22(70)        547(55)       630(31)       315(15)
Background: A = 6.2(6),  B = 0.0(0),  C = 0.0(0)
      Shape: R = 18(23),  Beta = 10(9),  Step = 0.0(0)
   position      width       height        area          centroid      energy
 1 570.1(10)     14.0(7)     35.8(22)      630(53)       567.1(17)     283.5(9)
 2 551.3(15)     13.9(7)     10.6(18)      186(29)       548.2(20)     274.1(10)
 3 533.4(11)     13.9(7)     20.3(18)      358(31)       530.3(18)     265.2(9)
 4 490.7(15)     13.9(7)     12.7(14)      222(29)       487.7(22)     243.8(11)
 5 471(5)        13.9(7)     4.0(25)       71(43)        468(5)        234(3)
 6 458.5(18)     13.9(7)     16(3)         277(47)       455.5(24)     227.7(12)
 7 440.4(11)     13.9(7)     27.4(21)      480(38)       437.3(18)     218.7(9)
 8 407.3(13)     13.9(7)     23(3)         407(49)       404.2(22)     202.1(11)
 9 394.1(17)     13.8(7)     13(3)         231(42)       391.1(22)     195.5(11)
10 371.8(14)     13.8(7)     12.4(17)      216(30)       368.7(22)     184.4(11)
11 355.3(14)     13.8(7)     13.0(17)      228(29)       352.3(21)     176.1(10)
12 336.6(13)     13.8(7)     12.3(15)      214(26)       333.6(20)     166.8(10)
13 314.4(11)     13.8(7)     21.5(16)      375(31)       311.3(19)     155.7(9)
Background: A = 8.0(0),  B = 0.0(0),  C = 0.0(0)
      Shape: R = 29.0(0),  Beta = 7.0(0),  Step = 0.0(0)
   position      width       height        area          centroid      energy
 1 291.7(13)     12.50(0)    8.0(12)       130(20)       288.8(13)     144.4(6)
 2 272.3(8)      12.50(0)    14.4(14)      235(23)       269.4(8)      134.7(4)
 3 248.3(6)      12.50(0)    23.6(17)      383(27)       245.4(6)      122.7(3)
 4 228.1(6)      12.50(0)    31.1(20)      505(33)       225.2(6)      112.6(3)
 5 211.5(17)     12.40(0)    11.6(19)      187(30)       208.6(17)     104.3(9)
 6 197.0(7)      12.40(0)    27.3(21)      441(35)       194.1(7)      97.0(4)
 7 177.7(8)      12.40(0)    18.4(16)      297(26)       174.7(8)      87.4(4)
 8 155.6(7)      12.40(0)    24.8(20)      400(32)       152.7(7)      76.3(3)
 9 141(3)        12.30(0)    6.5(16)       104(26)       138(3)        68.8(13)
10 124.3(6)      12.40(0)    25.9(19)      418(30)       121.3(6)      60.7(3)
11 103.9(4)      12.40(0)    47.3(23)      764(38)       101.0(4)      50.50(21)
12 87.3(24)      12.30(0)    8.6(19)       137(31)       84.3(24)      42.2(12)
13 72(7)         12.40(0)    6(6)          98(102)       69(7)         35(4)
14 63.0(12)      12.30(0)    42(7)         672(106)      60.0(12)      30.0(6)
15 46(3)         12.30(0)    18(11)        285(169)      43(3)         21.4(17)
16 38(5)         12.30(0)    11(11)        171(172)      35(5)         18(3)
17 21.8(6)       12.30(0)    30.9(22)      496(35)       18.8(6)       9.4(3)






