    0.59623       0.59663       0.59788       0.60019       0.60385    
    0.60927       0.61670       0.62570       0.63872       0.65410    
    0.67243       0.69606       0.72640       0.76373       0.80683    
    0.85165       0.90266       0.96062        1.0235        1.0793    
     1.2177        1.2502        1.3283        1.4112        1.5054    
     1.5964        1.6758        1.7650        1.8554        1.9429    
     2.0292        2.1060        2.1812        2.2426        2.2981    
     2.3477        2.3803        2.4085        2.4225        2.4286    
     2.4191        2.4028        2.3737        2.3381        2.2941    
     2.2423        2.1819        2.1186        2.0510        1.9854    
     1.9173        1.8510        1.7868        1.7270        1.6699    
     1.6129        1.5672        1.5238        1.4852        1.4497    
     1.4211    
