    0.63863       0.63898       0.64012       0.64223       0.64563    
    0.65072       0.65797       0.66784       0.68041       0.69046    
    0.71561       0.74112       0.77394       0.81240       0.85915    
    0.91656       0.97501        1.0420        1.1232        1.1777    
     1.2657        1.3545        1.4526        1.5570        1.6551    
     1.7433        1.8437        1.9470        2.0381        2.1352    
     2.2161        2.3030        2.3974        2.4694        2.5078    
     2.5395        2.5902        2.6201        2.6237        2.6260    
     2.6119        2.5887        2.5553        2.5070        2.4524    
     2.3992        2.3333        2.2620        2.1838        2.1231    
     2.0501        1.9759        1.9055        1.8402        1.7792    
     1.7203        1.6723        1.6300        1.5799        1.5393    
     1.5053    
