    0.75573       0.75574       0.75591       0.75659       0.75836    
    0.76196       0.76825       0.77800       0.79160       0.81066    
    0.83908       0.87266       0.91420       0.96403        1.0363    
     1.1047        1.1828        1.2766        1.3743        1.4672    
     1.5826        1.6978        1.8344        1.9729        2.1040    
     2.2214        2.3437        2.4804        2.5809        2.6936    
     2.7970        2.8901        2.9939        3.0538        3.1302    
     3.1631        3.1871        3.1997        3.1740        3.1663    
     3.1369        3.0953        3.0423        2.9741        2.9008    
     2.8242        2.7419        2.6567        2.5713        2.4785    
     2.3846        2.3052        2.2202        2.1437        2.0640    
     1.9957        1.9334        1.8758        1.8191        1.7652    
     1.7194    
