    0.79731       0.79737       0.79765       0.79850       0.80049    
    0.80435       0.81095       0.82116       0.83537       0.85944    
    0.88672       0.92186       0.96703        1.0210        1.1077    
     1.1760        1.2680        1.3595        1.4681        1.5761    
     1.7034        1.8307        1.9805        2.1312        2.2728    
     2.4009        2.5326        2.6899        2.7844        2.9099    
     3.0136        3.1104        3.2179        3.2876        3.3476    
     3.3794        3.4014        3.4135        3.3771        3.3654    
     3.3324        3.2808        3.2178        3.1426        3.0633    
     2.9782        2.8866        2.7975        2.7056        2.6050    
     2.5118        2.4203        2.3298        2.2480        2.1654    
     2.0904        2.0232        1.9619        1.9006        1.8416    
     1.7914    
