    0.95437       0.95444       0.95459       0.95458       0.95404    
    0.95251       0.94938       0.94401       0.93568       0.92358    
    0.90695       0.88505       0.85726       0.82327       0.78315    
    0.73725       0.68647       0.63236       0.57653       0.52119    
    0.46835       0.41981       0.37687       0.34006       0.30934    
    0.28391       0.26258       0.24395       0.22653       0.20954    
    0.19241       0.17517       0.15805       0.14178       0.12680    
    0.11352       0.10209       0.92439E-01   0.84235E-01   0.77080E-01
    0.70566E-01   0.64311E-01   0.58224E-01   0.52279E-01   0.46588E-01
    0.41326E-01   0.36645E-01   0.32642E-01   0.29335E-01   0.26621E-01
    0.24363E-01   0.22371E-01   0.20503E-01   0.18654E-01   0.16788E-01
    0.14931E-01   0.13153E-01   0.11535E-01   0.10145E-01   0.90181E-02
    0.81452E-02
