    0.54456       0.54505       0.54657       0.54925       0.55332    
    0.55908       0.56694       0.57744       0.58911       0.60464    
    0.62337       0.64532       0.67157       0.70285       0.74189    
    0.78019       0.82850       0.87747       0.93058       0.98011    
     1.0383        1.1387        1.1938        1.2695        1.3457    
     1.4247        1.5007        1.5825        1.6651        1.7448    
     1.8357        1.8999        1.9712        2.0349        2.0906    
     2.1425        2.1765        2.2059        2.2251        2.2355    
     2.2317        2.2187        2.1952        2.1637        2.1232    
     2.0787        2.0223        1.9649        1.9026        1.8420    
     1.7787        1.7168        1.6569        1.6010        1.5489    
     1.4993        1.4559        1.4174        1.3836        1.3528    
     1.3287    
