     1.0023        1.0022        1.0018        1.0008       0.99909    
    0.99583       0.99051       0.98249       0.97099       0.95523    
    0.93458       0.90836       0.87616       0.83772       0.79348    
    0.74382       0.68988       0.63345       0.57612       0.52004    
    0.46715       0.41911       0.37687       0.34089       0.31081    
    0.28571       0.26441       0.24536       0.22739       0.20977    
    0.19208       0.17445       0.15714       0.14094       0.12614    
    0.11314       0.10198       0.92497E-01   0.84342E-01   0.77126E-01
    0.70463E-01   0.64063E-01   0.57810E-01   0.51775E-01   0.46074E-01
    0.40870E-01   0.36296E-01   0.32414E-01   0.29207E-01   0.26559E-01
    0.24306E-01   0.22285E-01   0.20353E-01   0.18432E-01   0.16512E-01
    0.14631E-01   0.12866E-01   0.11293E-01   0.99687E-02   0.89100E-02
    0.80935E-02
