POSITION sPOSITION WIDTH sWIDTH HEIGHT sHEIGHT AREA sAREA CENTROID sCENTROID ENERGY sENERGY A sA B sB C sC R sR BETA sBETA S sS
1787.1 0.3 12.65 0.19 120 3 2156 49 1782.28 0.24 891.14 0.12 1.10 0.07 0.0015 0.0003 0.0 0.0 25 3 11.1 0.6 11.1 0.6
1622.8 0.3 12.57 0.19 79.4 2.4 1417 39 1618.0 0.3 808.98 0.13 1.10 0.07 0.0015 0.0003 0.0 0.0 25 3 11.1 0.6 11.1 0.6
1556.2 0.7 12.53 0.19 9.8 0.9 175 15 1551.3 0.7 775.7 0.4 1.10 0.07 0.0015 0.0003 0.0 0.0 25 3 11.1 0.6 11.1 0.6
1493.4 0.4 12.50 0.19 26.9 1.4 479 24 1488.5 0.4 744.24 0.2 1.10 0.07 0.0015 0.0003 0.0 0.0 25 3 11.1 0.6 11.1 0.6
1459 3 12.48 0.19 1.8 0.6 32 10 1455 3 727.3 1.4 1.10 0.07 0.0015 0.0003 0.0 0.0 25 3 11.1 0.6 11.1 0.6
1410.7 1.1 12.45 0.19 4.6 0.7 82 12 1405.8 1.1 702.9 0.6 1.10 0.07 0.0015 0.0003 0.0 0.0 25 3 11.1 0.6 11.1 0.6
1388.8 0.8 12.44 0.19 9.8 0.9 174 16 1383.9 0.8 691.9 0.4 1.10 0.07 0.0015 0.0003 0.0 0.0 25 3 11.1 0.6 11.1 0.6
1362.1 0.7 12.43 0.19 10.0 0.9 178 16 1357.3 0.7 678.6 0.4 1.10 0.07 0.0015 0.0003 0.0 0.0 25 3 11.1 0.6 11.1 0.6
0 0 0 0 0 0 0 0 0 0 0 0 0 0 0 0 0 0 0 0 0 0 0 0
1292.30 0.24 12.39 0.19 168 4 2976 57 1287.41 0.22 643.70 0.11 1.10 0.07 0.0015 0.0003 0.0 0.0 25 3 11.1 0.6 11.1 0.6
1121.7 1.0 13.5 0.3 4.8 0.6 90 11 1116.9 1.0 558.5 0.5 0.0 0.0 0.0013 0.0005 0.0 0.0 25.0 0.0 11.10 0.0 11.10 0.0
1097.6 1.2 13.5 0.3 3.8 0.6 71 10 1092.9 1.2 546.4 0.6 0.0 0.0 0.0013 0.0005 0.0 0.0 25.0 0.0 11.10 0.0 11.10 0.0
1057.1 1.5 13.4 0.3 2.1 0.4 40 7 1052.3 1.5 526.2 0.8 0.0 0.0 0.0013 0.0005 0.0 0.0 25.0 0.0 11.10 0.0 11.10 0.0
1024.9 0.5 13.4 0.3 15.3 1.0 287 18 1020.2 0.5 510.08 0.25 0.0 0.0 0.0013 0.0005 0.0 0.0 25.0 0.0 11.10 0.0 11.10 0.0
994.9 1.0 13.4 0.3 5.5 0.6 102 12 990.1 1.0 495.1 0.5 0.0 0.0 0.0013 0.0005 0.0 0.0 25.0 0.0 11.10 0.0 11.10 0.0
916.9 1.0 13.4 0.3 4.4 0.6 82 11 912.2 1.0 456.1 0.5 0.0 0.0 0.0013 0.0005 0.0 0.0 25.0 0.0 11.10 0.0 11.10 0.0
894 3 13.4 0.3 6 4 121 79 890 3 444.8 1.5 0.0 0.0 0.0013 0.0005 0.0 0.0 25.0 0.0 11.10 0.0 11.10 0.0
887 12 13.3 0.3 1 4 28 80 882 12 441 6 0.0 0.0 0.0013 0.0005 0.0 0.0 25.0 0.0 11.10 0.0 11.10 0.0
857.5 0.9 13.3 0.3 5.7 0.6 105 11 852.7 0.9 426.4 0.4 0.0 0.0 0.0013 0.0005 0.0 0.0 25.0 0.0 11.10 0.0 11.10 0.0
800.3 0.3 13.3 0.3 43.9 1.9 817 30 795.5 0.3 397.75 0.14 0.0 0.0 0.0013 0.0005 0.0 0.0 25.0 0.0 11.10 0.0 11.10 0.0
671.4 0.9 9.26 0.21 6.2 1.0 91 14 665.9 0.9 332.9 0.5 2.50 0.18 0.0 0.0 0.0 0.0 25.0 0.0 11.10 0.0 11.10 0.0
0 0 0 0 0 0 0 0 0 0 0 0 0 0 0 0 0 0 0 0 0 0 0 0
583.6 0.5 9.21 0.21 16.1 1.3 235 19 578.1 0.5 289.06 0.24 2.50 0.18 0.0 0.0 0.0 0.0 25.0 0.0 11.10 0.0 11.10 0.0
641 4 9.20 0.21 1.0 0.7 15 10 636 4 317.8 2.2 2.50 0.18 0.0 0.0 0.0 0.0 25.0 0.0 11.10 0.0 11.10 0.0
523.24 0.2 9.18 0.21 175 5 2546 81 517.74 0.2 258.87 0.1 2.50 0.18 0.0 0.0 0.0 0.0 25.0 0.0 11.10 0.0 11.10 0.0
513.1 1.7 9.17 0.21 16 5 239 70 507.6 1.7 253.8 0.8 2.50 0.18 0.0 0.0 0.0 0.0 25.0 0.0 11.10 0.0 11.10 0.0
475.7 1.0 9.15 0.21 7.1 1.1 102 16 470.2 1.0 235.1 0.5 2.50 0.18 0.0 0.0 0.0 0.0 25.0 0.0 11.10 0.0 11.10 0.0
457.8 0.4 9.14 0.21 31.2 2.0 451 27 452.3 0.4 226.17 0.18 2.50 0.18 0.0 0.0 0.0 0.0 25.0 0.0 11.10 0.0 11.10 0.0
440.4 0.3 9.13 0.21 49.9 2.4 722 33 434.9 0.3 217.43 0.14 2.50 0.18 0.0 0.0 0.0 0.0 25.0 0.0 11.10 0.0 11.10 0.0
389 3 14.6 0.3 2.5 0.8 47 15 387 3 193.3 1.5 2.25 0.14 0.0114 0.0017 0.0 0.0 33.0 0.0 6.40 0.0 6.40 0.0
368.0 1.7 14.6 0.3 7.0 1.2 128 21 365.2 1.7 182.6 0.8 2.25 0.14 0.0114 0.0017 0.0 0.0 33.0 0.0 6.40 0.0 6.40 0.0
351.6 2.2 14.5 0.3 4.8 1.1 87 20 348.8 2.2 174.4 1.1 2.25 0.14 0.0114 0.0017 0.0 0.0 33.0 0.0 6.40 0.0 6.40 0.0
0 0 0 0 0 0 0 0 0 0 0 0 0 0 0 0 0 0 0 0 0 0 0 0
294.7 1.5 14.5 0.3 4.2 0.7 76 14 292.0 1.5 146.0 0.7 2.25 0.14 0.0114 0.0017 0.0 0.0 33.0 0.0 6.40 0.0 6.40 0.0
0 0 0 0 0 0 0 0 0 0 0 0 0 0 0 0 0 0 0 0 0 0 0 0
178.6 0.6 14.4 0.3 12.3 1.0 224 18 175.8 0.6 87.9 0.3 2.25 0.14 0.0114 0.0017 0.0 0.0 33.0 0.0 6.40 0.0 6.40 0.0
140.3 0.5 14.4 0.3 16.1 1.1 292 20 137.5 0.5 68.8 0.3 2.25 0.14 0.0114 0.0017 0.0 0.0 33.0 0.0 6.40 0.0 6.40 0.0
111.9 0.7 14.4 0.3 10.0 0.9 182 17 109.1 0.7 54.6 0.4 2.25 0.14 0.0114 0.0017 0.0 0.0 33.0 0.0 6.40 0.0 6.40 0.0
79.6 0.4 14.4 0.3 20.7 1.3 376 23 76.8 0.4 38.40 0.22 2.25 0.14 0.0114 0.0017 0.0 0.0 33.0 0.0 6.40 0.0 6.40 0.0
50.9 0.9 14.4 0.3 7.8 0.9 142 17 48.1 0.9 24.1 0.5 2.25 0.14 0.0114 0.0017 0.0 0.0 33.0 0.0 6.40 0.0 6.40 0.0
29.8 1.0 14.4 0.3 6.8 0.9 123 16 27.0 1.0 13.5 0.5 2.25 0.14 0.0114 0.0017 0.0 0.0 33.0 0.0 6.40 0.0 6.40 0.0
