    0.68676       0.68695       0.68759       0.68895       0.69145    
    0.69563       0.70214       0.71171       0.72507       0.74297    
    0.76610       0.79509       0.83047       0.87268       0.92199    
    0.97856        1.0424        1.1134        1.1912        1.2754    
     1.3655        1.4606        1.5600        1.6626        1.7674    
     1.8732        1.9788        2.0830        2.1843        2.2814    
     2.3732        2.4582        2.5352        2.6032        2.6611    
     2.7080        2.7433        2.7663        2.7768        2.7748    
     2.7605        2.7344        2.6972        2.6498        2.5936    
     2.5297        2.4599        2.3854        2.3081        2.2294    
     2.1507        2.0735        1.9989        1.9279        1.8611    
     1.7993        1.7426        1.6911        1.6447        1.6031    
     1.5658    
