    0.48749       0.48787       0.48903       0.49102       0.49393    
    0.49789       0.50304       0.50956       0.51765       0.52752    
    0.53940       0.55351       0.57009       0.58936       0.61154    
    0.63684       0.66546       0.69758       0.73336       0.77292    
    0.81637       0.86377       0.91510       0.97029        1.0292    
     1.0914        1.1566        1.2243        1.2936        1.3637    
     1.4337        1.5023        1.5683        1.6304        1.6873    
     1.7377        1.7805        1.8145        1.8389        1.8532    
     1.8569        1.8501        1.8330        1.8062        1.7706    
     1.7272        1.6774        1.6227        1.5646        1.5049    
     1.4449        1.3863        1.3304        1.2784        1.2311    
     1.1892        1.1532        1.1230        1.0987        1.0797    
     1.0655    
