    0.42395E-01   0.42400E-01   0.42413E-01   0.42434E-01   0.42460E-01
    0.42487E-01   0.42514E-01   0.42536E-01   0.42549E-01   0.42549E-01
    0.42533E-01   0.42498E-01   0.42441E-01   0.42362E-01   0.42260E-01
    0.42137E-01   0.41996E-01   0.41839E-01   0.41673E-01   0.41505E-01
    0.41342E-01   0.41195E-01   0.41074E-01   0.40991E-01   0.40959E-01
    0.40992E-01   0.41105E-01   0.41312E-01   0.41628E-01   0.42065E-01
    0.42634E-01   0.43347E-01   0.44207E-01   0.45217E-01   0.46373E-01
    0.47667E-01   0.49082E-01   0.50599E-01   0.52187E-01   0.53814E-01
    0.55440E-01   0.57020E-01   0.58507E-01   0.59854E-01   0.61013E-01
    0.61939E-01   0.62589E-01   0.62931E-01   0.62937E-01   0.62589E-01
    0.61881E-01   0.60816E-01   0.59410E-01   0.57687E-01   0.55684E-01
    0.53445E-01   0.51022E-01   0.48471E-01   0.45853E-01   0.43228E-01
    0.40658E-01
