    0.56000       0.56021       0.56088       0.56210       0.56403    
    0.56689       0.57093       0.57647       0.58383       0.59337    
    0.60543       0.62039       0.63856       0.66026       0.68576    
    0.71531       0.74907       0.78720       0.82977       0.87681    
    0.92828       0.98409        1.0440        1.1079        1.1752    
     1.2456        1.3185        1.3931        1.4685        1.5439    
     1.6181        1.6899        1.7581        1.8215        1.8787    
     1.9286        1.9701        2.0022        2.0243        2.0359    
     2.0366        2.0267        2.0064        1.9764        1.9376    
     1.8911        1.8382        1.7805        1.7194        1.6565    
     1.5934        1.5315        1.4721        1.4163        1.3650    
     1.3189        1.2783        1.2434        1.2140        1.1899    
     1.1705    
