    0.68149       0.68184       0.68300       0.68523       0.68901    
    0.69502       0.70371       0.71072       0.71643       0.72669    
    0.76028       0.78793       0.82370       0.86753       0.92014    
    0.98260        1.0482        1.1236        1.2071        1.2789    
     1.3771        1.4745        1.5892        1.7072        1.7936    
     1.9142        2.0183        2.1411        2.2302        2.3288    
     2.4220        2.5110        2.6032        2.6742        2.7087    
     2.7742        2.8209        2.8241        2.8190        2.8187    
     2.7999        2.7695        2.7301        2.6743        2.6130    
     2.5530        2.4825        2.4045        2.3302        2.2521    
     2.1733        2.0978        2.0208        1.9519        1.8851    
     1.8222        1.7680        1.7162        1.6682        1.6230    
     1.5846    
