    0.70664E-01   0.70677E-01   0.70715E-01   0.70775E-01   0.70852E-01
    0.70940E-01   0.71030E-01   0.71113E-01   0.71180E-01   0.71221E-01
    0.71225E-01   0.71185E-01   0.71092E-01   0.70941E-01   0.70728E-01
    0.70452E-01   0.70116E-01   0.69724E-01   0.69284E-01   0.68808E-01
    0.68312E-01   0.67813E-01   0.67333E-01   0.66896E-01   0.66529E-01
    0.66260E-01   0.66117E-01   0.66131E-01   0.66331E-01   0.66741E-01
    0.67383E-01   0.68275E-01   0.69425E-01   0.70835E-01   0.72496E-01
    0.74387E-01   0.76479E-01   0.78729E-01   0.81083E-01   0.83479E-01
    0.85847E-01   0.88109E-01   0.90186E-01   0.91998E-01   0.93469E-01
    0.94529E-01   0.95117E-01   0.95185E-01   0.94700E-01   0.93645E-01
    0.92020E-01   0.89844E-01   0.87153E-01   0.84000E-01   0.80452E-01
    0.76588E-01   0.72496E-01   0.68271E-01   0.64010E-01   0.59807E-01
    0.55755E-01
