    0.62905       0.62942       0.63060       0.63276       0.63620    
    0.64132       0.64856       0.65838       0.67097       0.68203    
    0.70673       0.73091       0.76275       0.80102       0.84612    
    0.90233       0.95924        1.0248        1.1118        1.1565    
     1.2420        1.3289        1.4236        1.5252        1.6186    
     1.7076        1.8057        1.9218        1.9970        2.0869    
     2.1736        2.2584        2.3541        2.4239        2.4634    
     2.4991        2.4844        2.5772        2.5814        2.5842    
     2.5788        2.5495        2.5173        2.4708        2.4172    
     2.3654        2.3005        2.2307        2.1585        2.0929    
     2.0217        1.9492        1.8798        1.8155        1.7554    
     1.6980        1.6507        1.6043        1.5601        1.5206    
     1.4875    
