    0.67845E-01   0.67855E-01   0.67884E-01   0.67930E-01   0.67989E-01
    0.68055E-01   0.68122E-01   0.68181E-01   0.68226E-01   0.68248E-01
    0.68241E-01   0.68197E-01   0.68110E-01   0.67978E-01   0.67797E-01
    0.67568E-01   0.67294E-01   0.66979E-01   0.66631E-01   0.66260E-01
    0.65878E-01   0.65501E-01   0.65145E-01   0.64831E-01   0.64579E-01
    0.64412E-01   0.64353E-01   0.64426E-01   0.64652E-01   0.65053E-01
    0.65646E-01   0.66445E-01   0.67456E-01   0.68681E-01   0.70112E-01
    0.71733E-01   0.73520E-01   0.75437E-01   0.77441E-01   0.79479E-01
    0.81491E-01   0.83413E-01   0.85177E-01   0.86714E-01   0.87959E-01
    0.88849E-01   0.89331E-01   0.89362E-01   0.88909E-01   0.87956E-01
    0.86499E-01   0.84551E-01   0.82142E-01   0.79313E-01   0.76121E-01
    0.72632E-01   0.68923E-01   0.65076E-01   0.61175E-01   0.57305E-01
    0.53550E-01
