    0.47823       0.47888       0.48086       0.48425       0.48913    
    0.49567       0.50403       0.51442       0.52705       0.54213    
    0.55989       0.58054       0.60428       0.63127       0.66167    
    0.69560       0.73316       0.77441       0.81940       0.86814    
    0.92058       0.97667        1.0363        1.0992        1.1651    
     1.2337        1.3045        1.3769        1.4500        1.5231    
     1.5951        1.6650        1.7316        1.7937        1.8500    
     1.8995        1.9411        1.9738        1.9970        2.0102    
     2.0131        2.0059        1.9887        1.9623        1.9274    
     1.8852        1.8369        1.7839        1.7276        1.6697    
     1.6114        1.5542        1.4992        1.4476        1.4000    
     1.3572        1.3193        1.2865        1.2587        1.2353    
     1.2160    
