    0.58468       0.58540       0.58756       0.59113       0.59604    
    0.60218       0.60933       0.61713       0.62515       0.63267    
    0.63889       0.64289       0.64351       0.63963       0.63028    
    0.61446       0.59177       0.56222       0.52651       0.48586    
    0.44224       0.39774       0.35476       0.31546       0.28133    
    0.25312       0.23081       0.21349       0.19978       0.18806    
    0.17687       0.16516       0.15244       0.13879       0.12475    
    0.11106       0.98453E-01   0.87499E-01   0.78423E-01   0.71133E-01
    0.65279E-01   0.60344E-01   0.55862E-01   0.51433E-01   0.46864E-01
    0.42155E-01   0.37456E-01   0.32995E-01   0.28997E-01   0.25624E-01
    0.22922E-01   0.20832E-01   0.19206E-01   0.17858E-01   0.16609E-01
    0.15327E-01   0.13950E-01   0.12492E-01   0.11014E-01   0.96101E-02
    0.83685E-02
