    0.72416E-01   0.72432E-01   0.72478E-01   0.72552E-01   0.72647E-01
    0.72756E-01   0.72870E-01   0.72977E-01   0.73066E-01   0.73126E-01
    0.73145E-01   0.73113E-01   0.73019E-01   0.72858E-01   0.72624E-01
    0.72315E-01   0.71934E-01   0.71485E-01   0.70978E-01   0.70426E-01
    0.69846E-01   0.69259E-01   0.68690E-01   0.68167E-01   0.67720E-01
    0.67382E-01   0.67188E-01   0.67171E-01   0.67364E-01   0.67797E-01
    0.68494E-01   0.69474E-01   0.70748E-01   0.72316E-01   0.74167E-01
    0.76278E-01   0.78613E-01   0.81123E-01   0.83749E-01   0.86419E-01
    0.89054E-01   0.91567E-01   0.93871E-01   0.95877E-01   0.97503E-01
    0.98671E-01   0.99318E-01   0.99394E-01   0.98863E-01   0.97712E-01
    0.95944E-01   0.93584E-01   0.90674E-01   0.87275E-01   0.83464E-01
    0.79328E-01   0.74965E-01   0.70478E-01   0.65973E-01   0.61552E-01
    0.57313E-01
