    0.65503       0.65528       0.65613       0.65778       0.66062    
    0.66512       0.67184       0.68141       0.69449       0.71172    
    0.73371       0.76101       0.79409       0.83332       0.87897    
    0.93118       0.98999        1.0553        1.1268        1.2043    
     1.2872        1.3749        1.4668        1.5620        1.6595    
     1.7584        1.8575        1.9557        2.0519        2.1447    
     2.2329        2.3153        2.3907        2.4580        2.5159    
     2.5638        2.6006        2.6260        2.6394        2.6407    
     2.6302        2.6080        2.5751        2.5321        2.4803    
     2.4209        2.3553        2.2852        2.2120        2.1374    
     2.0627        1.9892        1.9183        1.8507        1.7874    
     1.7289        1.6754        1.6271        1.5838        1.5452    
     1.5108    
