    0.57780       0.57822       0.57956       0.58198       0.58575    
    0.59126       0.59898       0.60816       0.62080       0.63672    
    0.65521       0.67772       0.70613       0.74204       0.78341    
    0.82587       0.87517       0.92975       0.98920        1.0417    
     1.1038        1.2094        1.2793        1.3583        1.4452    
     1.5320        1.6117        1.6983        1.7858        1.8688    
     1.9555        2.0300        2.1066        2.1667        2.2224    
     2.2724        2.3056        2.3345        2.3505        2.3581    
     2.3506        2.3362        2.3090        2.2754        2.2354    
     2.1843        2.1252        2.0635        1.9968        1.9337    
     1.8673        1.8026        1.7402        1.6820        1.6265    
     1.5729        1.5274        1.4857        1.4489        1.4150    
     1.3880    
