    0.97699       0.97698       0.97689       0.97647       0.97538    
    0.97306       0.96892       0.96233       0.95255       0.93877    
    0.92027       0.89633       0.86650       0.83045       0.78837    
    0.74070       0.68836       0.63312       0.57658       0.52086    
    0.46795       0.41961       0.37697       0.34055       0.31012    
    0.28485       0.26356       0.24475       0.22703       0.20974    
    0.19233       0.17490       0.15766       0.14143       0.12652    
    0.11336       0.10206       0.92494E-01   0.84313E-01   0.77132E-01
    0.70546E-01   0.64222E-01   0.58054E-01   0.52063E-01   0.46363E-01
    0.41124E-01   0.36492E-01   0.32545E-01   0.29284E-01   0.26602E-01
    0.24344E-01   0.22343E-01   0.20445E-01   0.18561E-01   0.16668E-01
    0.14798E-01   0.13023E-01   0.11425E-01   0.10064E-01   0.89688E-02
    0.81227E-02
