    0.32833       0.32924       0.33192       0.33630       0.34241    
    0.35010       0.35936       0.36932       0.38194       0.39596    
    0.41118       0.42643       0.44625       0.46678       0.48965    
    0.51302       0.53798       0.56537       0.59560       0.62847    
    0.66440       0.70816       0.74824       0.79357       0.84451    
    0.89921       0.95653        1.0157        1.0780        1.1429    
     1.2080        1.2711        1.3354        1.3957        1.4493    
     1.5015        1.5439        1.5803        1.6073        1.6244    
     1.6318        1.6289        1.6176        1.5935        1.5627    
     1.5257        1.4819        1.4344        1.3830        1.3306    
     1.2788        1.2278        1.1800        1.1371        1.0979    
     1.0633        1.0357        1.0121       0.99757       0.98639    
    0.97812    
