    0.59811       0.59883       0.60095       0.60447       0.60929    
    0.61528       0.62223       0.62975       0.63738       0.64442    
    0.65004       0.65331       0.65309       0.64826       0.63786    
    0.62095       0.59717       0.56654       0.52987       0.48844    
    0.44422       0.39932       0.35615       0.31683       0.28274    
    0.25463       0.23239       0.21508       0.20129       0.18940    
    0.17797       0.16600       0.15303       0.13918       0.12502    
    0.11128       0.98683E-01   0.87767E-01   0.78734E-01   0.71471E-01
    0.65613E-01   0.60645E-01   0.56098E-01   0.51596E-01   0.46959E-01
    0.42197E-01   0.37470E-01   0.33005E-01   0.29023E-01   0.25675E-01
    0.22998E-01   0.20926E-01   0.19304E-01   0.17946E-01   0.16676E-01
    0.15367E-01   0.13965E-01   0.12486E-01   0.10997E-01   0.95933E-02
    0.83596E-02
