    0.74749E-01   0.74768E-01   0.74822E-01   0.74901E-01   0.74987E-01
    0.75067E-01   0.75252E-01   0.75491E-01   0.75655E-01   0.75683E-01
    0.75751E-01   0.75910E-01   0.75847E-01   0.75689E-01   0.75441E-01
    0.74147E-01   0.74689E-01   0.74104E-01   0.73492E-01   0.72816E-01
    0.72089E-01   0.71390E-01   0.71228E-01   0.70039E-01   0.69393E-01
    0.68972E-01   0.68756E-01   0.68652E-01   0.69014E-01   0.69574E-01
    0.70441E-01   0.71673E-01   0.73341E-01   0.75342E-01   0.77670E-01
    0.80312E-01   0.83236E-01   0.86372E-01   0.89637E-01   0.92792E-01
    0.96135E-01   0.99284E-01   0.10203       0.10443       0.10635    
    0.10771       0.10843       0.10850       0.10781       0.10640    
    0.10427       0.10147       0.98033E-01   0.94065E-01   0.89713E-01
    0.84919E-01   0.79962E-01   0.74900E-01   0.69852E-01   0.64975E-01
    0.60329E-01
