    0.67849       0.67869       0.67939       0.68082       0.68340    
    0.68765       0.69421       0.70377       0.71704       0.73474    
    0.75755       0.78608       0.82084       0.86223       0.91056    
    0.96596        1.0284        1.0979        1.1740        1.2564    
     1.3446        1.4377        1.5351        1.6357        1.7386    
     1.8425        1.9464        2.0490        2.1489        2.2449    
     2.3357        2.4200        2.4966        2.5644        2.6224    
     2.6695        2.7052        2.7288        2.7402        2.7391    
     2.7258        2.7007        2.6646        2.6185        2.5634    
     2.5008        2.4321        2.3589        2.2826        2.2050    
     2.1274        2.0512        1.9776        1.9075        1.8417    
     1.7807        1.7249        1.6742        1.6287        1.5879    
     1.5513    
