    0.71435       0.71448       0.71496       0.71608       0.71831    
    0.72224       0.72861       0.73821       0.75187       0.77040    
    0.79459       0.82513       0.86260       0.90748       0.96009    
     1.0206        1.0889        1.1650        1.2484        1.3387    
     1.4351        1.5368        1.6429        1.7522        1.8635    
     1.9755        2.0869        2.1962        2.3021        2.4031    
     2.4979        2.5852        2.6637        2.7323        2.7901    
     2.8361        2.8698        2.8907        2.8985        2.8934    
     2.8757        2.8458        2.8047        2.7533        2.6930    
     2.6251        2.5511        2.4728        2.3916        2.3091    
     2.2269        2.1462        2.0683        1.9941        1.9243    
     1.8594        1.7999        1.7456        1.6966        1.6525    
     1.6127    
