    0.40881       0.40957       0.41188       0.41574       0.42120    
    0.42832       0.43717       0.44781       0.46035       0.47486    
    0.49146       0.51025       0.53134       0.55484       0.58086    
    0.60953       0.64097       0.67532       0.71270       0.75325    
    0.79707       0.84426       0.89486       0.94885        1.0061    
     1.0665        1.1297        1.1951        1.2622        1.3302    
     1.3981        1.4649        1.5294        1.5904        1.6465    
     1.6965        1.7394        1.7740        1.7995        1.8154    
     1.8212        1.8170        1.8030        1.7797        1.7480    
     1.7089        1.6637        1.6138        1.5608        1.5061    
     1.4512        1.3977        1.3466        1.2991        1.2560    
     1.2178        1.1850        1.1574        1.1350        1.1173    
     1.1037    
