    0.59863       0.59902       0.60027       0.60256       0.60622    
    0.61164       0.61903       0.62811       0.64121       0.65637    
    0.67472       0.69859       0.72922       0.76683       0.81023    
    0.85547       0.90687       0.96530        1.0289        1.0852    
     1.2339        1.2570        1.3363        1.4200        1.5116    
     1.6072        1.6863        1.7759        1.8669        1.9545    
     2.0412        2.1185        2.1933        2.2550        2.3105    
     2.3600        2.3924        2.4206        2.4342        2.4400    
     2.4301        2.4135        2.3840        2.3481        2.3036    
     2.2515        2.1909        2.1272        2.0594        1.9934    
     1.9249        1.8584        1.7939        1.7338        1.6764    
     1.6187        1.5731        1.5294        1.4905        1.4548    
     1.4259    
