    0.69740       0.69756       0.69814       0.69940       0.70179    
    0.70587       0.71232       0.72189       0.73536       0.75349    
    0.77702       0.80659       0.84277       0.88599       0.93656    
    0.99463        1.0602        1.1331        1.2131        1.2996    
     1.3921        1.4897        1.5917        1.6969        1.8042    
     1.9124        2.0202        2.1263        2.2294        2.3280    
     2.4209        2.5068        2.5844        2.6527        2.7105    
     2.7571        2.7918        2.8140        2.8235        2.8203    
     2.8047        2.7772        2.7384        2.6896        2.6318    
     2.5664        2.4950        2.4191        2.3403        2.2601    
     2.1801        2.1016        2.0257        1.9534        1.8855    
     1.8225        1.7647        1.7122        1.6648        1.6222    
     1.5839    
