    0.44521E-01   0.44530E-01   0.44557E-01   0.44600E-01   0.44654E-01
    0.44717E-01   0.44781E-01   0.44840E-01   0.44889E-01   0.44919E-01
    0.44925E-01   0.44901E-01   0.44841E-01   0.44742E-01   0.44602E-01
    0.44421E-01   0.44201E-01   0.43945E-01   0.43661E-01   0.43357E-01
    0.43047E-01   0.42743E-01   0.42463E-01   0.42226E-01   0.42053E-01
    0.41968E-01   0.41996E-01   0.42161E-01   0.42488E-01   0.42999E-01
    0.43716E-01   0.44653E-01   0.45823E-01   0.47228E-01   0.48863E-01
    0.50716E-01   0.52761E-01   0.54966E-01   0.57287E-01   0.59671E-01
    0.62058E-01   0.64382E-01   0.66572E-01   0.68559E-01   0.70274E-01
    0.71653E-01   0.72640E-01   0.73189E-01   0.73268E-01   0.72856E-01
    0.71951E-01   0.70565E-01   0.68725E-01   0.66473E-01   0.63866E-01
    0.60969E-01   0.57857E-01   0.54612E-01   0.51315E-01   0.48050E-01
    0.44895E-01
