    0.38855       0.38938       0.39185       0.39595       0.40164    
    0.40888       0.41769       0.42858       0.44202       0.45620    
    0.47023       0.48933       0.50932       0.53198       0.55727    
    0.58361       0.61315       0.64535       0.67906       0.71596    
    0.75749       0.80317       0.85302       0.90485       0.95901    
     1.0193        1.0805        1.1455        1.2110        1.2794    
     1.3455        1.4109        1.4756        1.5380        1.5937    
     1.6427        1.6868        1.7216        1.7499        1.7644    
     1.7724        1.7653        1.7516        1.7289        1.6989    
     1.6589        1.6139        1.5639        1.5121        1.4581    
     1.4043        1.3516        1.3014        1.2566        1.2145    
     1.1759        1.1454        1.1189        1.0984        1.0818    
     1.0693    
