    0.65043E-01   0.65051E-01   0.65074E-01   0.65111E-01   0.65157E-01
    0.65209E-01   0.65261E-01   0.65306E-01   0.65339E-01   0.65353E-01
    0.65342E-01   0.65302E-01   0.65227E-01   0.65116E-01   0.64968E-01
    0.64782E-01   0.64563E-01   0.64315E-01   0.64044E-01   0.63760E-01
    0.63473E-01   0.63197E-01   0.62946E-01   0.62736E-01   0.62584E-01
    0.62509E-01   0.62529E-01   0.62664E-01   0.62931E-01   0.63346E-01
    0.63923E-01   0.64672E-01   0.65598E-01   0.66703E-01   0.67977E-01
    0.69409E-01   0.70976E-01   0.72647E-01   0.74386E-01   0.76148E-01
    0.77882E-01   0.79531E-01   0.81039E-01   0.82345E-01   0.83391E-01
    0.84124E-01   0.84496E-01   0.84468E-01   0.84012E-01   0.83109E-01
    0.81757E-01   0.79964E-01   0.77753E-01   0.75162E-01   0.72237E-01
    0.69036E-01   0.65626E-01   0.62080E-01   0.58472E-01   0.54879E-01
    0.51375E-01
