    0.40848       0.40928       0.41167       0.41565       0.42122    
    0.42836       0.43715       0.44796       0.46062       0.47509    
    0.49146       0.50948       0.53023       0.55377       0.58002    
    0.60818       0.63906       0.67281       0.70828       0.74598    
    0.78893       0.83816       0.89100       0.94610        1.0019    
     1.0627        1.1261        1.1925        1.2598        1.3289    
     1.3969        1.4629        1.5286        1.5910        1.6455    
     1.6954        1.7397        1.7739        1.8011        1.8155    
     1.8214        1.8156        1.8012        1.7786        1.7479    
     1.7069        1.6609        1.6103        1.5578        1.5032    
     1.4485        1.3950        1.3438        1.2979        1.2548    
     1.2153        1.1826        1.1552        1.1335        1.1141    
     1.1012    
