    0.43167       0.43215       0.43362       0.43610       0.43963    
    0.44427       0.45012       0.45727       0.46582       0.47592    
    0.48771       0.50135       0.51700       0.53484       0.55507    
    0.57788       0.60346       0.63204       0.66381       0.69897    
    0.73769       0.78014       0.82639       0.87649       0.93036    
    0.98783        1.0486        1.1121        1.1778        1.2449    
     1.3123        1.3790        1.4437        1.5050        1.5617    
     1.6123        1.6557        1.6906        1.7163        1.7319    
     1.7371        1.7318        1.7162        1.6908        1.6566    
     1.6147        1.5663        1.5130        1.4564        1.3981    
     1.3398        1.2831        1.2292        1.1795        1.1347    
     1.0956        1.0626        1.0358        1.0149       0.99954    
    0.98908    
