    0.61680E-01   0.61686E-01   0.61704E-01   0.61733E-01   0.61769E-01
    0.61808E-01   0.61847E-01   0.61881E-01   0.61905E-01   0.61913E-01
    0.61901E-01   0.61867E-01   0.61806E-01   0.61718E-01   0.61603E-01
    0.61461E-01   0.61297E-01   0.61115E-01   0.60922E-01   0.60725E-01
    0.60534E-01   0.60361E-01   0.60216E-01   0.60114E-01   0.60068E-01
    0.60093E-01   0.60203E-01   0.60413E-01   0.60735E-01   0.61183E-01
    0.61765E-01   0.62488E-01   0.63356E-01   0.64366E-01   0.65512E-01
    0.66781E-01   0.68154E-01   0.69604E-01   0.71100E-01   0.72604E-01
    0.74073E-01   0.75460E-01   0.76715E-01   0.77788E-01   0.78630E-01
    0.79196E-01   0.79444E-01   0.79340E-01   0.78860E-01   0.77987E-01
    0.76718E-01   0.75060E-01   0.73031E-01   0.70662E-01   0.67992E-01
    0.65072E-01   0.61958E-01   0.58714E-01   0.55405E-01   0.52100E-01
    0.48863E-01
