    0.68233E-01   0.68248E-01   0.68293E-01   0.68363E-01   0.68447E-01
    0.68535E-01   0.68613E-01   0.68665E-01   0.68673E-01   0.68622E-01
    0.68496E-01   0.68280E-01   0.67964E-01   0.67541E-01   0.67008E-01
    0.66368E-01   0.65628E-01   0.64803E-01   0.63912E-01   0.62981E-01
    0.62043E-01   0.61134E-01   0.60296E-01   0.59573E-01   0.59016E-01
    0.58671E-01   0.58588E-01   0.58814E-01   0.59389E-01   0.60347E-01
    0.61713E-01   0.63500E-01   0.65706E-01   0.68312E-01   0.71285E-01
    0.74571E-01   0.78101E-01   0.81789E-01   0.85535E-01   0.89230E-01
    0.92756E-01   0.95996E-01   0.98832E-01   0.10116       0.10288    
    0.10391       0.10420       0.10372       0.10246       0.10044    
    0.97710E-01   0.94336E-01   0.90414E-01   0.86053E-01   0.81379E-01
    0.76523E-01   0.71620E-01   0.66804E-01   0.62198E-01   0.57916E-01
    0.54054E-01
