    0.41951E-01   0.41955E-01   0.41967E-01   0.41985E-01   0.42007E-01
    0.42031E-01   0.42053E-01   0.42070E-01   0.42079E-01   0.42075E-01
    0.42057E-01   0.42020E-01   0.41964E-01   0.41888E-01   0.41791E-01
    0.41676E-01   0.41545E-01   0.41401E-01   0.41251E-01   0.41101E-01
    0.40959E-01   0.40834E-01   0.40735E-01   0.40675E-01   0.40666E-01
    0.40719E-01   0.40849E-01   0.41069E-01   0.41391E-01   0.41827E-01
    0.42388E-01   0.43082E-01   0.43913E-01   0.44884E-01   0.45989E-01
    0.47222E-01   0.48566E-01   0.50002E-01   0.51503E-01   0.53037E-01
    0.54567E-01   0.56052E-01   0.57447E-01   0.58707E-01   0.59788E-01
    0.60646E-01   0.61242E-01   0.61545E-01   0.61529E-01   0.61177E-01
    0.60481E-01   0.59446E-01   0.58084E-01   0.56420E-01   0.54488E-01
    0.52329E-01   0.49991E-01   0.47529E-01   0.45000E-01   0.42462E-01
    0.39973E-01
