    0.68527       0.68546       0.68611       0.68748       0.68998    
    0.69417       0.70069       0.71024       0.72358       0.74143    
    0.76449       0.79339       0.82865       0.87070       0.91982    
    0.97618        1.0398        1.1105        1.1880        1.2719    
     1.3616        1.4563        1.5553        1.6576        1.7621    
     1.8675        1.9728        2.0767        2.1777        2.2747    
     2.3663        2.4511        2.5281        2.5961        2.6540    
     2.7009        2.7363        2.7594        2.7701        2.7682    
     2.7541        2.7282        2.6912        2.6440        2.5880    
     2.5244        2.4547        2.3805        2.3034        2.2249    
     2.1464        2.0694        1.9949        1.9240        1.8575    
     1.7958        1.7392        1.6879        1.6417        1.6002    
     1.5631    
