    0.60214       0.60253       0.60377       0.60605       0.60970    
    0.61511       0.62241       0.63164       0.64460       0.65958    
    0.67808       0.70222       0.73319       0.77116       0.81485    
    0.86060       0.91245       0.97158        1.0358        1.0928    
     1.2338        1.2658        1.3463        1.4309        1.5109    
     1.6202        1.6995        1.7896        1.8811        1.9691    
     2.0563        2.1341        2.2086        2.2705        2.3260    
     2.3755        2.4077        2.4357        2.4489        2.4544    
     2.4441        2.4271        2.3971        2.3608        2.3157    
     2.2632        2.2023        2.1383        2.0703        2.0038    
     1.9350        1.8680        1.8032        1.7428        1.6851    
     1.6266        1.5810        1.5370        1.4977        1.4617    
     1.4324    
