    0.65049E-01   0.65057E-01   0.65080E-01   0.65117E-01   0.65163E-01
    0.65215E-01   0.65266E-01   0.65312E-01   0.65345E-01   0.65359E-01
    0.65348E-01   0.65307E-01   0.65233E-01   0.65122E-01   0.64973E-01
    0.64788E-01   0.64569E-01   0.64320E-01   0.64049E-01   0.63765E-01
    0.63478E-01   0.63202E-01   0.62950E-01   0.62740E-01   0.62588E-01
    0.62513E-01   0.62533E-01   0.62668E-01   0.62934E-01   0.63349E-01
    0.63926E-01   0.64675E-01   0.65602E-01   0.66706E-01   0.67981E-01
    0.69413E-01   0.70980E-01   0.72652E-01   0.74392E-01   0.76154E-01
    0.77888E-01   0.79538E-01   0.81046E-01   0.82352E-01   0.83399E-01
    0.84132E-01   0.84505E-01   0.84477E-01   0.84020E-01   0.83118E-01
    0.81765E-01   0.79972E-01   0.77761E-01   0.75170E-01   0.72244E-01
    0.69043E-01   0.65632E-01   0.62085E-01   0.58477E-01   0.54883E-01
    0.51379E-01
