    0.61822E-01   0.61828E-01   0.61844E-01   0.61868E-01   0.61896E-01
    0.61920E-01   0.61934E-01   0.61928E-01   0.61893E-01   0.61821E-01
    0.61703E-01   0.61531E-01   0.61299E-01   0.61003E-01   0.60640E-01
    0.60212E-01   0.59723E-01   0.59179E-01   0.58592E-01   0.57974E-01
    0.57344E-01   0.56722E-01   0.56130E-01   0.55594E-01   0.55144E-01
    0.54808E-01   0.54617E-01   0.54602E-01   0.54789E-01   0.55206E-01
    0.55874E-01   0.56808E-01   0.58016E-01   0.59497E-01   0.61240E-01
    0.63222E-01   0.65411E-01   0.67759E-01   0.70211E-01   0.72702E-01
    0.75157E-01   0.77499E-01   0.79646E-01   0.81519E-01   0.83042E-01
    0.84148E-01   0.84779E-01   0.84893E-01   0.84462E-01   0.83476E-01
    0.81944E-01   0.79892E-01   0.77364E-01   0.74421E-01   0.71136E-01
    0.67594E-01   0.63886E-01   0.60110E-01   0.56361E-01   0.52733E-01
    0.49310E-01
