    0.39107       0.39186       0.39420       0.39813       0.40367    
    0.41086       0.41972       0.43032       0.44271       0.45695    
    0.47310       0.49125       0.51147       0.53387       0.55855    
    0.58563       0.61525       0.64757       0.68276       0.72097    
    0.76237       0.80710       0.85525       0.90685       0.96185    
     1.0201        1.0813        1.1450        1.2106        1.2775    
     1.3445        1.4108        1.4752        1.5363        1.5928    
     1.6436        1.6873        1.7229        1.7494        1.7663    
     1.7731        1.7698        1.7565        1.7338        1.7025    
     1.6638        1.6188        1.5692        1.5164        1.4619    
     1.4074        1.3543        1.3038        1.2571        1.2149    
     1.1779        1.1463        1.1202        1.0993        1.0832    
     1.0712    
