    0.83111       0.83150       0.83263       0.83438       0.83640    
    0.83840       0.83981       0.84017       0.83877       0.83469    
    0.82716       0.81521       0.79805       0.77499       0.74542    
    0.70940       0.66734       0.62033       0.56967       0.51756    
    0.46610       0.41740       0.37330       0.33496       0.30279    
    0.27649       0.25509       0.23714       0.22126       0.20598    
    0.19061       0.17476       0.15856       0.14256       0.12737    
    0.11359       0.10159       0.91490E-01   0.83087E-01   0.76019E-01
    0.69806E-01   0.64044E-01   0.58434E-01   0.52854E-01   0.47353E-01
    0.42076E-01   0.37219E-01   0.32960E-01   0.29384E-01   0.26479E-01
    0.24138E-01   0.22198E-01   0.20475E-01   0.18822E-01   0.17144E-01
    0.15419E-01   0.13687E-01   0.12026E-01   0.10524E-01   0.92477E-02
    0.82297E-02
