    0.53672       0.53725       0.53887       0.54171       0.54593    
    0.55179       0.55958       0.56959       0.58218       0.59765    
    0.61634       0.63852       0.66445       0.69435       0.72838    
    0.76669       0.80935       0.85640       0.90782       0.96355    
     1.0235        1.0874        1.1550        1.2260        1.3000    
     1.3763        1.4544        1.5336        1.6129        1.6914    
     1.7681        1.8418        1.9114        1.9756        2.0333    
     2.0834        2.1248        2.1567        2.1784        2.1894    
     2.1897        2.1794        2.1587        2.1284        2.0895    
     2.0429        1.9902        1.9327        1.8718        1.8093    
     1.7464        1.6846        1.6251        1.5689        1.5169    
     1.4695        1.4271        1.3898        1.3574        1.3296    
     1.3058    
