    0.59644       0.59683       0.59806       0.60031       0.60383    
    0.60899       0.61621       0.62596       0.63871       0.65494    
    0.67512       0.69965       0.72889       0.76313       0.80259    
    0.84740       0.89761       0.95321        1.0141        1.0800    
     1.1507        1.2258        1.3048        1.3871        1.4721    
     1.5591        1.6471        1.7352        1.8224        1.9077    
     1.9899        2.0677        2.1401        2.2058        2.2638    
     2.3129        2.3524        2.3814        2.3994        2.4061    
     2.4016        2.3860        2.3598        2.3239        2.2792    
     2.2269        2.1685        2.1053        2.0390        1.9709    
     1.9027        1.8355        1.7707        1.7092        1.6518    
     1.5991        1.5513        1.5086        1.4709        1.4377    
     1.4086    
