    0.44854       0.44899       0.45038       0.45272       0.45607    
    0.46053       0.46618       0.47315       0.48158       0.49162    
    0.50343       0.51721       0.53312       0.55136       0.57214    
    0.59565       0.62209       0.65166       0.68455       0.72094    
    0.76099       0.80482       0.85249       0.90401       0.95928    
     1.0181        1.0801        1.1448        1.2115        1.2794    
     1.3475        1.4147        1.4798        1.5413        1.5980    
     1.6486        1.6918        1.7265        1.7518        1.7671    
     1.7719        1.7662        1.7503        1.7246        1.6900    
     1.6477        1.5990        1.5453        1.4883        1.4297    
     1.3710        1.3137        1.2593        1.2089        1.1634    
     1.1235        1.0896        1.0618        1.0399        1.0235    
     1.0119    
