    0.79122       0.79170       0.79308       0.79524       0.79790    
    0.80078       0.80344       0.80532       0.80581       0.80400    
    0.79912       0.79013       0.77616       0.75639       0.73022    
    0.69745       0.65834       0.61386       0.56528       0.51458    
    0.46395       0.41550       0.37127       0.33256       0.30000    
    0.27347       0.25193       0.23418       0.21870       0.20403    
    0.18928       0.17400       0.15821       0.14243       0.12727    
    0.11340       0.10125       0.90998E-01   0.82508E-01   0.75443E-01
    0.69326E-01   0.63709E-01   0.58273E-01   0.52848E-01   0.47449E-01
    0.42208E-01   0.37330E-01   0.33006E-01   0.29348E-01   0.26370E-01
    0.23989E-01   0.22048E-01   0.20362E-01   0.18771E-01   0.17162E-01
    0.15497E-01   0.13802E-01   0.12149E-01   0.10627E-01   0.93129E-02
    0.82503E-02
