    0.63116       0.63153       0.63269       0.63484       0.63828    
    0.64339       0.65064       0.66046       0.67306       0.68394    
    0.70868       0.73317       0.76524       0.80351       0.84898    
    0.90545       0.96270        1.0285        1.1136        1.1610    
     1.2471        1.3345        1.4298        1.5320        1.6265    
     1.7153        1.8139        1.9357        2.0058        2.0967    
     2.1825        2.2679        2.3633        2.4335        2.4728    
     2.5078        2.4934        2.5863        2.5904        2.5931    
     2.5821        2.5578        2.5254        2.4784        2.4247    
     2.3725        2.3075        2.2373        2.1644        2.0993    
     2.0278        1.9549        1.8853        1.8208        1.7605    
     1.7027        1.6554        1.6092        1.5644        1.5246    
     1.4914    
