    0.57003E-01   0.57007E-01   0.57020E-01   0.57039E-01   0.57064E-01
    0.57090E-01   0.57116E-01   0.57136E-01   0.57149E-01   0.57150E-01
    0.57137E-01   0.57107E-01   0.57060E-01   0.56996E-01   0.56914E-01
    0.56819E-01   0.56713E-01   0.56602E-01   0.56491E-01   0.56388E-01
    0.56302E-01   0.56242E-01   0.56217E-01   0.56238E-01   0.56316E-01
    0.56460E-01   0.56681E-01   0.56989E-01   0.57392E-01   0.57897E-01
    0.58510E-01   0.59234E-01   0.60067E-01   0.61006E-01   0.62042E-01
    0.63164E-01   0.64354E-01   0.65590E-01   0.66844E-01   0.68086E-01
    0.69281E-01   0.70390E-01   0.71373E-01   0.72192E-01   0.72806E-01
    0.73178E-01   0.73277E-01   0.73074E-01   0.72550E-01   0.71692E-01
    0.70497E-01   0.68971E-01   0.67128E-01   0.64994E-01   0.62601E-01
    0.59990E-01   0.57210E-01   0.54311E-01   0.51349E-01   0.48382E-01
    0.45465E-01
