    0.48803       0.48862       0.49044       0.49358       0.49819    
    0.50449       0.51274       0.52322       0.53603       0.55058    
    0.56814       0.58876       0.61327       0.64135       0.67313    
    0.70856       0.74604       0.78962       0.83264       0.87975    
    0.92631        1.0002        1.0613        1.1253        1.1917    
     1.2578        1.3300        1.4042        1.4796        1.5539    
     1.6267        1.6987        1.7693        1.8294        1.8857    
     1.9325        1.9774        2.0082        2.0313        2.0451    
     2.0458        2.0372        2.0186        1.9942        1.9575    
     1.9131        1.8626        1.8080        1.7518        1.6936    
     1.6348        1.5771        1.5214        1.4698        1.4218    
     1.3773        1.3386        1.3049        1.2756        1.2517    
     1.2316    
