    0.42923       0.42999       0.43225       0.43604       0.44139    
    0.44836       0.45710       0.46797       0.48076       0.49522    
    0.51159       0.53014       0.55174       0.57646       0.60298    
    0.63336       0.66635       0.70218       0.73928       0.77818    
    0.82213       0.87450       0.93245       0.99037        1.0482    
     1.1084        1.1760        1.2427        1.3129        1.3832    
     1.4510        1.5193        1.5857        1.6515        1.7033    
     1.7527        1.7974        1.8309        1.8566        1.8708    
     1.8762        1.8696        1.8543        1.8325        1.7989    
     1.7584        1.7113        1.6598        1.6065        1.5510    
     1.4955        1.4414        1.3885        1.3385        1.2967    
     1.2565        1.2222        1.1936        1.1702        1.1496    
     1.1348    
