    0.63323       0.63354       0.63452       0.63640       0.63948    
    0.64421       0.65111       0.66072       0.67365       0.69047    
    0.71174       0.73795       0.76953       0.80682       0.85007    
    0.89941       0.95489        1.0164        1.0839        1.1569    
     1.2351        1.3179        1.4048        1.4950        1.5877    
     1.6820        1.7768        1.8712        1.9639        2.0538    
     2.1397        2.2204        2.2947        2.3613        2.4193    
     2.4677        2.5056        2.5324        2.5476        2.5511    
     2.5429        2.5234        2.4931        2.4529        2.4039    
     2.3474        2.2846        2.2173        2.1468        2.0747    
     2.0025        1.9315        1.8630        1.7978        1.7368    
     1.6804        1.6292        1.5830        1.5417        1.5052    
     1.4727    
