    0.48096       0.48161       0.48358       0.48694       0.49180    
    0.49830       0.50664       0.51700       0.52962       0.54472    
    0.56252       0.58324       0.60708       0.63421       0.66479    
    0.69894       0.73675       0.77830       0.82362       0.87270    
    0.92553       0.98200        1.0420        1.1053        1.1716    
     1.2406        1.3117        1.3844        1.4578        1.5311    
     1.6033        1.6733        1.7400        1.8021        1.8584    
     1.9079        1.9494        1.9820        2.0051        2.0182    
     2.0210        2.0135        1.9962        1.9696        1.9346    
     1.8922        1.8438        1.7906        1.7343        1.6761    
     1.6177        1.5604        1.5053        1.4534        1.4057    
     1.3627        1.3246        1.2916        1.2636        1.2400    
     1.2204    
