    0.69883E-01   0.69894E-01   0.69928E-01   0.69981E-01   0.70049E-01
    0.70125E-01   0.70203E-01   0.70274E-01   0.70328E-01   0.70357E-01
    0.70352E-01   0.70305E-01   0.70209E-01   0.70059E-01   0.69852E-01
    0.69588E-01   0.69268E-01   0.68898E-01   0.68486E-01   0.68042E-01
    0.67581E-01   0.67119E-01   0.66678E-01   0.66279E-01   0.65947E-01
    0.65708E-01   0.65590E-01   0.65619E-01   0.65821E-01   0.66222E-01
    0.66840E-01   0.67692E-01   0.68786E-01   0.70124E-01   0.71697E-01
    0.73486E-01   0.75464E-01   0.77591E-01   0.79817E-01   0.82083E-01
    0.84322E-01   0.86463E-01   0.88430E-01   0.90148E-01   0.91543E-01
    0.92549E-01   0.93107E-01   0.93171E-01   0.92707E-01   0.91699E-01
    0.90145E-01   0.88061E-01   0.85482E-01   0.82454E-01   0.79043E-01
    0.75321E-01   0.71373E-01   0.67289E-01   0.63161E-01   0.59082E-01
    0.55139E-01
