    0.43591E-01   0.43597E-01   0.43616E-01   0.43646E-01   0.43684E-01
    0.43726E-01   0.43768E-01   0.43806E-01   0.43833E-01   0.43845E-01
    0.43838E-01   0.43806E-01   0.43747E-01   0.43658E-01   0.43539E-01
    0.43389E-01   0.43211E-01   0.43009E-01   0.42790E-01   0.42559E-01
    0.42328E-01   0.42108E-01   0.41912E-01   0.41755E-01   0.41654E-01
    0.41627E-01   0.41692E-01   0.41869E-01   0.42176E-01   0.42630E-01
    0.43249E-01   0.44044E-01   0.45023E-01   0.46190E-01   0.47540E-01
    0.49065E-01   0.50744E-01   0.52553E-01   0.54456E-01   0.56411E-01
    0.58371E-01   0.60281E-01   0.62085E-01   0.63725E-01   0.65143E-01
    0.66285E-01   0.67103E-01   0.67557E-01   0.67616E-01   0.67262E-01
    0.66488E-01   0.65301E-01   0.63721E-01   0.61779E-01   0.59520E-01
    0.56998E-01   0.54274E-01   0.51415E-01   0.48493E-01   0.45577E-01
    0.42738E-01
