     1.0845        1.0841        1.0826        1.0799        1.0754    
     1.0686        1.0588        1.0454        1.0276        1.0047    
    0.97635       0.94204       0.90163       0.85540       0.80377    
    0.74794       0.68921       0.62930       0.57011       0.51367    
    0.46146       0.41485       0.37444       0.34012       0.31112    
    0.28682       0.26531       0.24561       0.22677       0.20820    
    0.18977       0.17173       0.15444       0.13856       0.12429    
    0.11186       0.10118       0.91974E-01   0.83903E-01   0.76554E-01
    0.69621E-01   0.62964E-01   0.56541E-01   0.50442E-01   0.44805E-01
    0.39777E-01   0.35449E-01   0.31797E-01   0.28762E-01   0.26196E-01
    0.23937E-01   0.21837E-01   0.19797E-01   0.17778E-01   0.15804E-01
    0.13935E-01   0.12244E-01   0.10793E-01   0.96079E-02   0.86780E-02
    0.79552E-02
