    0.60228E-01   0.60233E-01   0.60250E-01   0.60275E-01   0.60307E-01
    0.60343E-01   0.60377E-01   0.60407E-01   0.60427E-01   0.60433E-01
    0.60421E-01   0.60389E-01   0.60333E-01   0.60253E-01   0.60150E-01
    0.60025E-01   0.59881E-01   0.59724E-01   0.59559E-01   0.59394E-01
    0.59239E-01   0.59104E-01   0.59000E-01   0.58940E-01   0.58935E-01
    0.58999E-01   0.59146E-01   0.59387E-01   0.59735E-01   0.60199E-01
    0.60789E-01   0.61508E-01   0.62361E-01   0.63343E-01   0.64447E-01
    0.65662E-01   0.66968E-01   0.68342E-01   0.69752E-01   0.71164E-01
    0.72536E-01   0.73827E-01   0.74988E-01   0.75974E-01   0.76738E-01
    0.77239E-01   0.77437E-01   0.77301E-01   0.76808E-01   0.75942E-01
    0.74700E-01   0.73088E-01   0.71123E-01   0.68835E-01   0.66260E-01
    0.63444E-01   0.60443E-01   0.57314E-01   0.54121E-01   0.50928E-01
    0.47796E-01
