    0.66367       0.66433       0.66629       0.66947       0.67374    
    0.67889       0.68467       0.69060       0.69614       0.70057    
    0.70303       0.70255       0.69797       0.68831       0.67266    
    0.65034       0.62122       0.58562       0.54455       0.49952    
    0.45260       0.40612       0.36224       0.32288       0.28921    
    0.26169       0.23976       0.22240       0.20813       0.19532    
    0.18273       0.16953       0.15547       0.14080       0.12613    
    0.11223       0.99700E-01   0.88990E-01   0.80171E-01   0.73008E-01
    0.67095E-01   0.61937E-01   0.57093E-01   0.52245E-01   0.47302E-01
    0.42326E-01   0.37494E-01   0.33038E-01   0.29146E-01   0.25924E-01
    0.23364E-01   0.21360E-01   0.19741E-01   0.18321E-01   0.16941E-01
    0.15504E-01   0.13984E-01   0.12421E-01   0.10897E-01   0.95040E-02
    0.83170E-02
