    0.70768E-01   0.70781E-01   0.70820E-01   0.70880E-01   0.70958E-01
    0.71047E-01   0.71138E-01   0.71223E-01   0.71291E-01   0.71332E-01
    0.71337E-01   0.71297E-01   0.71204E-01   0.71053E-01   0.70839E-01
    0.70561E-01   0.70222E-01   0.69827E-01   0.69384E-01   0.68904E-01
    0.68403E-01   0.67899E-01   0.67415E-01   0.66973E-01   0.66601E-01
    0.66328E-01   0.66183E-01   0.66195E-01   0.66394E-01   0.66805E-01
    0.67450E-01   0.68347E-01   0.69504E-01   0.70922E-01   0.72593E-01
    0.74496E-01   0.76601E-01   0.78865E-01   0.81235E-01   0.83646E-01
    0.86029E-01   0.88305E-01   0.90395E-01   0.92219E-01   0.93699E-01
    0.94766E-01   0.95358E-01   0.95427E-01   0.94940E-01   0.93880E-01
    0.92248E-01   0.90062E-01   0.87360E-01   0.84193E-01   0.80630E-01
    0.76751E-01   0.72643E-01   0.68403E-01   0.64127E-01   0.59911E-01
    0.55847E-01
