    0.66356       0.66390       0.66498       0.66703       0.67041    
    0.67558       0.68308       0.69316       0.70423       0.71060    
    0.74070       0.76816       0.80281       0.84579       0.89403    
    0.95441        1.0170        1.0885        1.1696        1.2354    
     1.3292        1.4229        1.5311        1.6451        1.7591    
     1.8407        1.9442        2.0505        2.1479        2.2448    
     2.3335        2.4218        2.5168        2.5856        2.6242    
     2.6453        2.7383        2.7362        2.7357        2.7362    
     2.7197        2.6919        2.6553        2.6029        2.5447    
     2.4878        2.4191        2.3440        2.2739        2.2001    
     2.1211        2.0470        1.9720        1.9045        1.8404    
     1.7791        1.7273        1.6762        1.6309        1.5877    
     1.5511    
