    0.58989       0.59029       0.59158       0.59392       0.59761    
    0.60306       0.61064       0.61957       0.63260       0.64824    
    0.66649       0.68975       0.71948       0.75636       0.79894    
    0.84300       0.89339       0.95026        1.0121        1.0670    
     1.1546        1.2363        1.3121        1.3935        1.4835    
     1.5747        1.6548        1.7431        1.8326        1.9204    
     2.0051        2.0812        2.1569        2.2178        2.2734    
     2.3230        2.3558        2.3843        2.3989        2.4055    
     2.3966        2.3809        2.3525        2.3176        2.2745    
     2.2232        2.1632        2.1004        2.0332        1.9684    
     1.9008        1.8350        1.7714        1.7121        1.6555    
     1.5997        1.5539        1.5111        1.4731        1.4381    
     1.4100    
