    0.49599       0.49657       0.49835       0.50142       0.50596    
    0.51219       0.52037       0.53082       0.54354       0.55819    
    0.57608       0.59677       0.62165       0.64992       0.68244    
    0.71861       0.75725       0.80236       0.84639       0.89299    
    0.94063        1.0181        1.1016        1.1442        1.2113    
     1.2795        1.3528        1.4280        1.5043        1.5793    
     1.6525        1.7279        1.7960        1.8571        1.9124    
     1.9604        2.0040        2.0346        2.0570        2.0703    
     2.0707        2.0615        2.0425        2.0168        1.9799    
     1.9354        1.8840        1.8288        1.7723        1.7136    
     1.6543        1.5961        1.5398        1.4877        1.4390    
     1.3939        1.3545        1.3202        1.2903        1.2654    
     1.2448    
