    0.83281       0.83275       0.83271       0.83309       0.83454    
    0.83791       0.84420       0.85453       0.87006       0.89195    
    0.92128       0.95903        1.0060        1.0629        1.1301    
     1.2079        1.2960        1.3943        1.5021        1.6186    
     1.7426        1.8729        2.0080        2.1461        2.2855    
     2.4242        2.5604        2.6922        2.8176        2.9351    
     3.0428        3.1395        3.2238        3.2947        3.3512    
     3.3927        3.4189        3.4297        3.4250        3.4055    
     3.3717        3.3245        3.2652        3.1951        3.1157    
     3.0288        2.9361        2.8394        2.7403        2.6407    
     2.5420        2.4456        2.3527        2.2642        2.1809    
     2.1032        2.0314        1.9655        1.9053        1.8506    
     1.8008    
