    0.62392E-01   0.62399E-01   0.62418E-01   0.62448E-01   0.62486E-01
    0.62528E-01   0.62569E-01   0.62605E-01   0.62630E-01   0.62640E-01
    0.62628E-01   0.62593E-01   0.62529E-01   0.62437E-01   0.62315E-01
    0.62165E-01   0.61990E-01   0.61796E-01   0.61587E-01   0.61373E-01
    0.61164E-01   0.60970E-01   0.60805E-01   0.60681E-01   0.60614E-01
    0.60619E-01   0.60711E-01   0.60905E-01   0.61215E-01   0.61655E-01
    0.62234E-01   0.62960E-01   0.63837E-01   0.64864E-01   0.66033E-01
    0.67331E-01   0.68739E-01   0.70230E-01   0.71772E-01   0.73325E-01
    0.74844E-01   0.76281E-01   0.77584E-01   0.78702E-01   0.79585E-01
    0.80183E-01   0.80456E-01   0.80369E-01   0.79894E-01   0.79017E-01
    0.77733E-01   0.76050E-01   0.73987E-01   0.71575E-01   0.68856E-01
    0.65882E-01   0.62711E-01   0.59407E-01   0.56039E-01   0.52676E-01
    0.49386E-01
