    0.43811E-01   0.43818E-01   0.43839E-01   0.43871E-01   0.43911E-01
    0.43957E-01   0.44003E-01   0.44045E-01   0.44076E-01   0.44091E-01
    0.44086E-01   0.44056E-01   0.43996E-01   0.43905E-01   0.43781E-01
    0.43625E-01   0.43439E-01   0.43227E-01   0.42995E-01   0.42750E-01
    0.42504E-01   0.42267E-01   0.42055E-01   0.41882E-01   0.41766E-01
    0.41726E-01   0.41782E-01   0.41955E-01   0.42263E-01   0.42726E-01
    0.43360E-01   0.44178E-01   0.45190E-01   0.46398E-01   0.47799E-01
    0.49383E-01   0.51129E-01   0.53010E-01   0.54990E-01   0.57025E-01
    0.59065E-01   0.61053E-01   0.62931E-01   0.64638E-01   0.66115E-01
    0.67304E-01   0.68158E-01   0.68634E-01   0.68701E-01   0.68340E-01
    0.67546E-01   0.66325E-01   0.64699E-01   0.62701E-01   0.60379E-01
    0.57787E-01   0.54991E-01   0.52059E-01   0.49065E-01   0.46082E-01
    0.43181E-01
