    0.42138E-01   0.42142E-01   0.42155E-01   0.42174E-01   0.42197E-01
    0.42223E-01   0.42247E-01   0.42266E-01   0.42276E-01   0.42275E-01
    0.42257E-01   0.42221E-01   0.42165E-01   0.42087E-01   0.41989E-01
    0.41870E-01   0.41735E-01   0.41586E-01   0.41430E-01   0.41272E-01
    0.41122E-01   0.40988E-01   0.40880E-01   0.40811E-01   0.40792E-01
    0.40837E-01   0.40960E-01   0.41175E-01   0.41494E-01   0.41930E-01
    0.42494E-01   0.43195E-01   0.44038E-01   0.45024E-01   0.46150E-01
    0.47406E-01   0.48779E-01   0.50248E-01   0.51784E-01   0.53355E-01
    0.54924E-01   0.56447E-01   0.57879E-01   0.59175E-01   0.60287E-01
    0.61172E-01   0.61791E-01   0.62110E-01   0.62103E-01   0.61753E-01
    0.61052E-01   0.60005E-01   0.58626E-01   0.56939E-01   0.54978E-01
    0.52786E-01   0.50414E-01   0.47916E-01   0.45351E-01   0.42778E-01
    0.40256E-01
