    0.76809       0.76811       0.76832       0.76904       0.77082    
    0.77439       0.78060       0.79041       0.80479       0.82472    
    0.85112       0.88483       0.92653       0.97679        1.0360    
     1.1042        1.1815        1.2677        1.3622        1.4643    
     1.5733        1.6881        1.8073        1.9298        2.0539    
     2.1781        2.3008        2.4204        2.5353        2.6438    
     2.7446        2.8362        2.9175        2.9872        3.0445    
     3.0886        3.1191        3.1355        3.1378        3.1263    
     3.1015        3.0639        3.0148        2.9551        2.8863    
     2.8100        2.7278        2.6413        2.5522        2.4621    
     2.3726        2.2849        2.2003        2.1196        2.0437    
     1.9731        1.9079        1.8484        1.7942        1.7452    
     1.7007    
