    0.62526E-01   0.62532E-01   0.62552E-01   0.62582E-01   0.62620E-01
    0.62663E-01   0.62704E-01   0.62741E-01   0.62766E-01   0.62776E-01
    0.62764E-01   0.62728E-01   0.62664E-01   0.62571E-01   0.62448E-01
    0.62297E-01   0.62120E-01   0.61923E-01   0.61712E-01   0.61495E-01
    0.61282E-01   0.61084E-01   0.60915E-01   0.60787E-01   0.60717E-01
    0.60718E-01   0.60806E-01   0.60997E-01   0.61305E-01   0.61744E-01
    0.62323E-01   0.63050E-01   0.63929E-01   0.64958E-01   0.66132E-01
    0.67435E-01   0.68850E-01   0.70349E-01   0.71900E-01   0.73461E-01
    0.74990E-01   0.76436E-01   0.77749E-01   0.78875E-01   0.79765E-01
    0.80370E-01   0.80648E-01   0.80563E-01   0.80089E-01   0.79211E-01
    0.77925E-01   0.76237E-01   0.74167E-01   0.71747E-01   0.69019E-01
    0.66035E-01   0.62852E-01   0.59538E-01   0.56159E-01   0.52785E-01
    0.49485E-01
