    0.52461       0.52491       0.52583       0.52744       0.52988    
    0.53330       0.53791       0.54395       0.55168       0.56138    
    0.57333       0.58784       0.60517       0.62559       0.64935    
    0.67666       0.70773       0.74271       0.78172       0.82484    
    0.87211       0.92350       0.97894        1.0382        1.1012    
     1.1673        1.2361        1.3071        1.3793        1.4520    
     1.5239        1.5941        1.6611        1.7238        1.7809    
     1.8311        1.8733        1.9065        1.9298        1.9428    
     1.9452        1.9370        1.9184        1.8902        1.8531    
     1.8084        1.7572        1.7011        1.6417        1.5805    
     1.5191        1.4590        1.4014        1.3475        1.2983    
     1.2544        1.2161        1.1836        1.1568        1.1352    
     1.1184    
