    0.71220E-01   0.71234E-01   0.71274E-01   0.71339E-01   0.71421E-01
    0.71515E-01   0.71612E-01   0.71702E-01   0.71776E-01   0.71822E-01
    0.71831E-01   0.71793E-01   0.71699E-01   0.71545E-01   0.71326E-01
    0.71040E-01   0.70690E-01   0.70281E-01   0.69821E-01   0.69322E-01
    0.68800E-01   0.68274E-01   0.67767E-01   0.67304E-01   0.66912E-01
    0.66621E-01   0.66463E-01   0.66467E-01   0.66664E-01   0.67080E-01
    0.67739E-01   0.68657E-01   0.69845E-01   0.71303E-01   0.73022E-01
    0.74981E-01   0.77148E-01   0.79479E-01   0.81918E-01   0.84400E-01
    0.86851E-01   0.89193E-01   0.91342E-01   0.93217E-01   0.94739E-01
    0.95835E-01   0.96444E-01   0.96518E-01   0.96021E-01   0.94938E-01
    0.93271E-01   0.91039E-01   0.88281E-01   0.85051E-01   0.81421E-01
    0.77470E-01   0.73292E-01   0.68982E-01   0.64641E-01   0.60366E-01
    0.56251E-01
