    0.79199       0.79204       0.79231       0.79316       0.79512    
    0.79895       0.80551       0.81565       0.82977       0.85331    
    0.88061       0.91560       0.96027        1.0137        1.0987    
     1.1660        1.2592        1.3645        1.4561        1.5622    
     1.6881        1.8140        1.9625        2.1114        2.2522    
     2.3785        2.5091        2.6619        2.7593        2.8833    
     2.9868        3.0831        3.1894        3.2609        3.3205    
     3.3527        3.3749        3.3873        3.3522        3.3410    
     3.3076        3.2581        3.1961        3.1221        3.0435    
     2.9595        2.8689        2.7804        2.6894        2.5897    
     2.4956        2.4063        2.3166        2.2359        2.1530    
     2.0790        2.0124        1.9515        1.8908        1.8324    
     1.7830    
