    0.63748E-01   0.63755E-01   0.63776E-01   0.63809E-01   0.63851E-01
    0.63898E-01   0.63944E-01   0.63985E-01   0.64014E-01   0.64025E-01
    0.64014E-01   0.63976E-01   0.63907E-01   0.63805E-01   0.63670E-01
    0.63503E-01   0.63307E-01   0.63085E-01   0.62846E-01   0.62598E-01
    0.62351E-01   0.62116E-01   0.61908E-01   0.61742E-01   0.61632E-01
    0.61597E-01   0.61653E-01   0.61817E-01   0.62104E-01   0.62530E-01
    0.63107E-01   0.63843E-01   0.64742E-01   0.65805E-01   0.67024E-01
    0.68386E-01   0.69871E-01   0.71449E-01   0.73087E-01   0.74741E-01
    0.76365E-01   0.77906E-01   0.79310E-01   0.80521E-01   0.81485E-01
    0.82151E-01   0.82474E-01   0.82417E-01   0.81953E-01   0.81065E-01
    0.79749E-01   0.78013E-01   0.75878E-01   0.73379E-01   0.70559E-01
    0.67473E-01   0.64184E-01   0.60760E-01   0.57273E-01   0.53796E-01
    0.50399E-01
