    0.42724E-01   0.42729E-01   0.42744E-01   0.42766E-01   0.42795E-01
    0.42826E-01   0.42857E-01   0.42882E-01   0.42899E-01   0.42902E-01
    0.42888E-01   0.42853E-01   0.42796E-01   0.42715E-01   0.42609E-01
    0.42479E-01   0.42329E-01   0.42161E-01   0.41983E-01   0.41799E-01
    0.41620E-01   0.41455E-01   0.41315E-01   0.41213E-01   0.41164E-01
    0.41182E-01   0.41282E-01   0.41480E-01   0.41791E-01   0.42230E-01
    0.42809E-01   0.43538E-01   0.44424E-01   0.45469E-01   0.46669E-01
    0.48016E-01   0.49492E-01   0.51077E-01   0.52739E-01   0.54444E-01
    0.56149E-01   0.57808E-01   0.59372E-01   0.60790E-01   0.62013E-01
    0.62992E-01   0.63686E-01   0.64058E-01   0.64079E-01   0.63733E-01
    0.63013E-01   0.61922E-01   0.60476E-01   0.58703E-01   0.56641E-01
    0.54335E-01   0.51840E-01   0.49216E-01   0.46524E-01   0.43829E-01
    0.41193E-01
