    0.31618       0.31691       0.31908       0.32260       0.32715    
    0.34006       0.34608       0.35464       0.36454       0.37974    
    0.39094       0.40480       0.42113       0.43926       0.45943    
    0.48010       0.50234       0.52739       0.55521       0.58551    
    0.61891       0.64778       0.69654       0.74120       0.78999    
    0.84331       0.89901       0.95930        1.0175        1.0852    
     1.1497        1.2144        1.2798        1.3424        1.3997    
     1.4535        1.4992        1.5398        1.5684        1.5890    
     1.5997        1.5999        1.5919        1.5700        1.5412    
     1.5054        1.4626        1.4151        1.3638        1.3105    
     1.2567        1.2047        1.1549        1.1097        1.0682    
     1.0319        1.0021       0.97843       0.96106       0.94874    
    0.94118    
