    0.63066E-01   0.63065E-01   0.63059E-01   0.63040E-01   0.63024E-01
    0.63074E-01   0.63149E-01   0.63204E-01   0.63227E-01   0.63221E-01
    0.63216E-01   0.63201E-01   0.63136E-01   0.63034E-01   0.62911E-01
    0.62619E-01   0.62558E-01   0.62337E-01   0.62128E-01   0.61900E-01
    0.61670E-01   0.61468E-01   0.61246E-01   0.61121E-01   0.61035E-01
    0.61027E-01   0.61100E-01   0.61260E-01   0.61592E-01   0.62014E-01
    0.62589E-01   0.63319E-01   0.64203E-01   0.65241E-01   0.66432E-01
    0.67755E-01   0.69167E-01   0.70742E-01   0.72329E-01   0.73928E-01
    0.75502E-01   0.76989E-01   0.78329E-01   0.79493E-01   0.80411E-01
    0.81027E-01   0.81335E-01   0.81270E-01   0.80804E-01   0.79913E-01
    0.78614E-01   0.76916E-01   0.74822E-01   0.72376E-01   0.69628E-01
    0.66595E-01   0.63374E-01   0.60019E-01   0.56594E-01   0.53186E-01
    0.49850E-01
