    0.61037       0.61073       0.61187       0.61397       0.61733    
    0.62233       0.62942       0.63910       0.65191       0.66835    
    0.68893       0.71407       0.74416       0.77952       0.82037    
    0.86685       0.91900       0.97679        1.0401        1.1086    
     1.1821        1.2600        1.3419        1.4272        1.5150    
     1.6047        1.6952        1.7856        1.8749        1.9619    
     2.0454        2.1243        2.1974        2.2635        2.3215    
     2.3703        2.4092        2.4374        2.4544        2.4600    
     2.4542        2.4371        2.4095        2.3720        2.3257    
     2.2719        2.2119        2.1472        2.0794        2.0099    
     1.9402        1.8716        1.8054        1.7426        1.6838    
     1.6298        1.5807        1.5367        1.4977        1.4632    
     1.4328    
