    0.85273       0.85308       0.85407       0.85555       0.85718    
    0.85864       0.85935       0.85882       0.85632       0.85093    
    0.84194       0.82840       0.80941       0.78449       0.75308    
    0.71530       0.67167       0.62330       0.57161       0.51876    
    0.46700       0.41822       0.37424       0.33612       0.30418    
    0.27804       0.25668       0.23863       0.22249       0.20684    
    0.19117       0.17505       0.15870       0.14256       0.12737    
    0.11365       0.10175       0.91727E-01   0.83363E-01   0.76288E-01
    0.70019E-01   0.64178E-01   0.58480E-01   0.52822E-01   0.47271E-01
    0.41983E-01   0.37145E-01   0.32926E-01   0.29396E-01   0.26528E-01
    0.24207E-01   0.22262E-01   0.20517E-01   0.18830E-01   0.17115E-01
    0.15361E-01   0.13613E-01   0.11952E-01   0.10464E-01   0.92110E-02
    0.82178E-02
