     1.0287        1.0285        1.0277        1.0262        1.0237    
     1.0194        1.0127        1.0031       0.98973       0.97182    
    0.94882       0.92010       0.88537       0.84443       0.79792    
    0.74623       0.69069       0.63306       0.57501       0.51869    
    0.46589       0.41827       0.37648       0.34102       0.31128    
    0.28636       0.26504       0.24578       0.22751       0.20957    
    0.19161       0.17382       0.15647       0.14032       0.12568    
    0.11283       0.10181       0.92425E-01   0.84291E-01   0.77039E-01
    0.70297E-01   0.63806E-01   0.57486E-01   0.51418E-01   0.45725E-01
    0.40565E-01   0.36062E-01   0.32249E-01   0.29103E-01   0.26484E-01
    0.24233E-01   0.22181E-01   0.20222E-01   0.18267E-01   0.16322E-01
    0.14438E-01   0.12688E-01   0.11147E-01   0.98628E-02   0.88434E-02
    0.80576E-02
