    0.60893E-01   0.60891E-01   0.60882E-01   0.60863E-01   0.60862E-01
    0.60914E-01   0.60976E-01   0.61021E-01   0.61040E-01   0.61033E-01
    0.61028E-01   0.61012E-01   0.60955E-01   0.60868E-01   0.60762E-01
    0.60531E-01   0.60468E-01   0.60288E-01   0.60122E-01   0.59945E-01
    0.59772E-01   0.59629E-01   0.59469E-01   0.59412E-01   0.59390E-01
    0.59441E-01   0.59569E-01   0.59781E-01   0.60143E-01   0.60591E-01
    0.61174E-01   0.61898E-01   0.62750E-01   0.63741E-01   0.64863E-01
    0.66097E-01   0.67412E-01   0.68850E-01   0.70303E-01   0.71754E-01
    0.73175E-01   0.74510E-01   0.75705E-01   0.76732E-01   0.77531E-01
    0.78046E-01   0.78280E-01   0.78170E-01   0.77682E-01   0.76805E-01
    0.75554E-01   0.73925E-01   0.71935E-01   0.69616E-01   0.67015E-01
    0.64146E-01   0.61099E-01   0.57922E-01   0.54678E-01   0.51441E-01
    0.48266E-01
