    0.81704       0.81742       0.81858       0.82046       0.82272    
    0.82510       0.82690       0.82783       0.82712       0.82384    
    0.81730       0.80642       0.79042       0.76854       0.74017    
    0.70530       0.66428       0.61816       0.56822       0.51659    
    0.46541       0.41676       0.37262       0.33414       0.30182    
    0.27539       0.25399       0.23613       0.22039       0.20533    
    0.19018       0.17452       0.15847       0.14254       0.12736    
    0.11353       0.10148       0.91324E-01   0.82890E-01   0.75825E-01
    0.69648E-01   0.63937E-01   0.58388E-01   0.52862E-01   0.47395E-01
    0.42128E-01   0.37262E-01   0.32979E-01   0.29373E-01   0.26443E-01
    0.24089E-01   0.22149E-01   0.20440E-01   0.18809E-01   0.17155E-01
    0.15451E-01   0.13731E-01   0.12072E-01   0.10561E-01   0.92713E-02
    0.82372E-02
