    0.85412       0.85446       0.85544       0.85690       0.85851    
    0.85994       0.86060       0.86000       0.85744       0.85196    
    0.84288       0.82924       0.81012       0.78508       0.75356    
    0.71566       0.67194       0.62348       0.57172       0.51883    
    0.46705       0.41827       0.37430       0.33619       0.30427    
    0.27813       0.25678       0.23872       0.22256       0.20689    
    0.19121       0.17507       0.15870       0.14256       0.12737    
    0.11366       0.10176       0.91742E-01   0.83380E-01   0.76305E-01
    0.70031E-01   0.64185E-01   0.58482E-01   0.52818E-01   0.47265E-01
    0.41976E-01   0.37140E-01   0.32924E-01   0.29396E-01   0.26531E-01
    0.24211E-01   0.22266E-01   0.20519E-01   0.18830E-01   0.17113E-01
    0.15357E-01   0.13608E-01   0.11948E-01   0.10460E-01   0.92086E-02
    0.82170E-02
