    0.64088       0.64123       0.64236       0.64445       0.64783    
    0.65290       0.66014       0.66999       0.68252       0.69238    
    0.71769       0.74334       0.77626       0.81492       0.86171    
    0.91931       0.97798        1.0452        1.1260        1.1815    
     1.2699        1.3589        1.4575        1.5624        1.6612    
     1.7492        1.8499        1.9529        2.0449        2.1431    
     2.2232        2.3103        2.4052        2.4764        2.5150    
     2.5460        2.6095        2.6272        2.6307        2.6329    
     2.6186        2.5952        2.5616        2.5131        2.4583    
     2.4049        2.3389        2.2673        2.1873        2.1284    
     2.0549        1.9806        1.9101        1.8447        1.7834    
     1.7244        1.6763        1.6361        1.5836        1.5429    
     1.5087    
