    0.50672       0.50732       0.50915       0.51229       0.51689    
    0.52314       0.53126       0.54151       0.55416       0.56951    
    0.58784       0.60939       0.63443       0.66315       0.69572    
    0.73226       0.77287       0.81758       0.86638       0.91922    
    0.97599        1.0366        1.1007        1.1681        1.2384    
     1.3111        1.3857        1.4615        1.5377        1.6133    
     1.6874        1.7588        1.8264        1.8890        1.9453    
     1.9944        2.0352        2.0669        2.0888        2.1004    
     2.1016        2.0926        2.0736        2.0453        2.0086    
     1.9646        1.9145        1.8597        1.8017        1.7419    
     1.6818        1.6227        1.5659        1.5122        1.4626    
     1.4175        1.3774        1.3422        1.3120        1.2862    
     1.2643    
