    0.43713E-01   0.43719E-01   0.43739E-01   0.43770E-01   0.43809E-01
    0.43854E-01   0.43898E-01   0.43937E-01   0.43967E-01   0.43981E-01
    0.43975E-01   0.43944E-01   0.43884E-01   0.43794E-01   0.43672E-01
    0.43519E-01   0.43337E-01   0.43130E-01   0.42903E-01   0.42666E-01
    0.42426E-01   0.42198E-01   0.41993E-01   0.41827E-01   0.41718E-01
    0.41684E-01   0.41745E-01   0.41919E-01   0.42226E-01   0.42685E-01
    0.43312E-01   0.44119E-01   0.45115E-01   0.46304E-01   0.47681E-01
    0.49237E-01   0.50951E-01   0.52798E-01   0.54742E-01   0.56740E-01
    0.58742E-01   0.60694E-01   0.62537E-01   0.64213E-01   0.65661E-01
    0.66829E-01   0.67666E-01   0.68132E-01   0.68196E-01   0.67838E-01
    0.67054E-01   0.65849E-01   0.64244E-01   0.62273E-01   0.59980E-01
    0.57421E-01   0.54659E-01   0.51761E-01   0.48801E-01   0.45849E-01
    0.42977E-01
