    0.71831       0.71843       0.71889       0.71997       0.72216    
    0.72606       0.73241       0.74202       0.75572       0.77434    
    0.79867       0.82943       0.86720       0.91245       0.96552    
     1.0266        1.0955        1.1723        1.2565        1.3476    
     1.4449        1.5476        1.6546        1.7648        1.8770    
     1.9899        2.1021        2.2122        2.3187        2.4203    
     2.5155        2.6031        2.6818        2.7505        2.8083    
     2.8542        2.8876        2.9082        2.9157        2.9101    
     2.8919        2.8615        2.8198        2.7678        2.7069    
     2.6384        2.5639        2.4850        2.4032        2.3202    
     2.2375        2.1563        2.0779        2.0032        1.9330    
     1.8678        1.8078        1.7532        1.7038        1.6593    
     1.6192    
