    0.36135       0.36217       0.36463       0.36873       0.37448    
    0.38189       0.39095       0.40168       0.41411       0.42826    
    0.44418       0.46191       0.48152       0.50309       0.52673    
    0.55256       0.58071       0.61136       0.64469       0.68089    
    0.72014       0.76263       0.80847       0.85777       0.91050    
    0.96655        1.0257        1.0875        1.1514        1.2167    
     1.2824        1.3475        1.4108        1.4711        1.5270    
     1.5772        1.6205        1.6558        1.6823        1.6993    
     1.7063        1.7033        1.6905        1.6684        1.6380    
     1.6001        1.5562        1.5076        1.4559        1.4027    
     1.3495        1.2978        1.2488        1.2036        1.1631    
     1.1277        1.0979        1.0737        1.0547        1.0405    
     1.0305    
