    0.55387       0.55410       0.55481       0.55610       0.55812    
    0.56108       0.56523       0.57086       0.57829       0.58785    
    0.59990       0.61477       0.63279       0.65427       0.67946    
    0.70860       0.74188       0.77944       0.82136       0.86769    
    0.91841       0.97342        1.0326        1.0956        1.1621    
     1.2318        1.3039        1.3778        1.4527        1.5276    
     1.6014        1.6729        1.7409        1.8042        1.8614    
     1.9114        1.9530        1.9853        2.0077        2.0195    
     2.0206        2.0110        1.9910        1.9613        1.9229    
     1.8767        1.8242        1.7667        1.7060        1.6434    
     1.5806        1.5190        1.4599        1.4044        1.3535    
     1.3078        1.2676        1.2331        1.2042        1.1805    
     1.1615    
