    0.75165       0.75171       0.75199       0.75282       0.75472    
    0.75839       0.76463       0.77435       0.78848       0.80796    
    0.83366       0.86637       0.90676       0.95535        1.0125    
     1.0783        1.1529        1.2359        1.3270        1.4255    
     1.5307        1.6414        1.7566        1.8750        1.9952    
     2.1157        2.2349        2.3514        2.4635        2.5697    
     2.6687        2.7590        2.8394        2.9088        2.9663    
     3.0110        3.0425        3.0603        3.0644        3.0549    
     3.0322        2.9971        2.9504        2.8934        2.8273    
     2.7536        2.6739        2.5900        2.5033        2.4157    
     2.3284        2.2429        2.1603        2.0817        2.0077    
     1.9388        1.8754        1.8174        1.7648        1.7173    
     1.6742    
