    0.66364E-01   0.66373E-01   0.66399E-01   0.66440E-01   0.66491E-01
    0.66549E-01   0.66607E-01   0.66658E-01   0.66696E-01   0.66713E-01
    0.66703E-01   0.66660E-01   0.66580E-01   0.66459E-01   0.66296E-01
    0.66091E-01   0.65847E-01   0.65568E-01   0.65263E-01   0.64939E-01
    0.64610E-01   0.64288E-01   0.63990E-01   0.63732E-01   0.63535E-01
    0.63418E-01   0.63401E-01   0.63506E-01   0.63753E-01   0.64159E-01
    0.64741E-01   0.65509E-01   0.66470E-01   0.67624E-01   0.68966E-01
    0.70479E-01   0.72141E-01   0.73919E-01   0.75774E-01   0.77657E-01
    0.79513E-01   0.81283E-01   0.82905E-01   0.84314E-01   0.85450E-01
    0.86255E-01   0.86678E-01   0.86678E-01   0.86226E-01   0.85303E-01
    0.83906E-01   0.82047E-01   0.79750E-01   0.77054E-01   0.74011E-01
    0.70682E-01   0.67139E-01   0.63458E-01   0.59718E-01   0.56000E-01
    0.52383E-01
