    0.44735       0.44806       0.45020       0.45381       0.45894    
    0.46571       0.47429       0.48499       0.49774       0.51213    
    0.52880       0.54805       0.57059       0.59645       0.62458    
    0.65702       0.69034       0.72813       0.76700       0.80628    
    0.85101       0.90683       0.97113        1.0301        1.0911    
     1.1529        1.2209        1.2901        1.3616        1.4329    
     1.5026        1.5717        1.6424        1.6987        1.7565    
     1.8045        1.8499        1.8825        1.9075        1.9209    
     1.9255        1.9181        1.9046        1.8799        1.8447    
     1.8040        1.7561        1.7037        1.6494        1.5932    
     1.5368        1.4814        1.4281        1.3779        1.3333    
     1.2923        1.2568        1.2266        1.2023        1.1802    
     1.1634    
