    0.76108       0.76161       0.76316       0.76560       0.76871    
    0.77222       0.77572       0.77866       0.78049       0.78031    
    0.77730       0.77040       0.75878       0.74147       0.71783    
    0.68753       0.65074       0.60824       0.56133       0.51179    
    0.46190       0.41374       0.36946       0.33055       0.29770    
    0.27089       0.24933       0.23171       0.21654       0.20231    
    0.18806       0.17323       0.15779       0.14221       0.12712    
    0.11320       0.10094       0.90580E-01   0.82018E-01   0.74935E-01
    0.68891E-01   0.63385E-01   0.58084E-01   0.52786E-01   0.47476E-01
    0.42278E-01   0.37394E-01   0.33030E-01   0.29309E-01   0.26276E-01
    0.23859E-01   0.21912E-01   0.20249E-01   0.18702E-01   0.17148E-01
    0.15532E-01   0.13870E-01   0.12230E-01   0.10699E-01   0.93602E-02
    0.82653E-02
