    0.67983       0.68002       0.68071       0.68213       0.68469    
    0.68894       0.69549       0.70504       0.71833       0.73607    
    0.75894       0.78755       0.82242       0.86397       0.91247    
    0.96808        1.0308        1.1005        1.1770        1.2597    
     1.3482        1.4417        1.5394        1.6404        1.7436    
     1.8479        1.9521        2.0549        2.1551        2.2513    
     2.3423        2.4267        2.5034        2.5713        2.6292    
     2.6763        2.7119        2.7355        2.7466        2.7454    
     2.7319        2.7067        2.6704        2.6240        2.5688    
     2.5059        2.4370        2.3635        2.2871        2.2093    
     2.1315        2.0552        1.9813        1.9111        1.8451    
     1.7839        1.7279        1.6772        1.6314        1.5905    
     1.5538    
