    0.44193E-01   0.44201E-01   0.44225E-01   0.44261E-01   0.44309E-01
    0.44362E-01   0.44416E-01   0.44466E-01   0.44505E-01   0.44527E-01
    0.44527E-01   0.44499E-01   0.44439E-01   0.44344E-01   0.44212E-01
    0.44043E-01   0.43840E-01   0.43607E-01   0.43349E-01   0.43076E-01
    0.42798E-01   0.42528E-01   0.42282E-01   0.42078E-01   0.41933E-01
    0.41870E-01   0.41911E-01   0.42077E-01   0.42391E-01   0.42874E-01
    0.43544E-01   0.44416E-01   0.45500E-01   0.46798E-01   0.48308E-01
    0.50017E-01   0.51903E-01   0.53937E-01   0.56078E-01   0.58279E-01
    0.60484E-01   0.62634E-01   0.64662E-01   0.66505E-01   0.68098E-01
    0.69381E-01   0.70303E-01   0.70818E-01   0.70894E-01   0.70514E-01
    0.69671E-01   0.68374E-01   0.66649E-01   0.64534E-01   0.62077E-01
    0.59341E-01   0.56395E-01   0.53313E-01   0.50173E-01   0.47054E-01
    0.44030E-01
