    0.41946       0.42021       0.42247       0.42627       0.43166    
    0.43871       0.44749       0.45811       0.47067       0.48527    
    0.50204       0.52109       0.54254       0.56652       0.59314    
    0.62252       0.65479       0.69007       0.72847       0.77012    
    0.81510       0.86348       0.91528       0.97047        1.0289    
     1.0904        1.1546        1.2209        1.2888        1.3575    
     1.4260        1.4932        1.5580        1.6191        1.6752    
     1.7252        1.7679        1.8023        1.8275        1.8431    
     1.8486        1.8440        1.8296        1.8059        1.7738    
     1.7344        1.6888        1.6386        1.5851        1.5300    
     1.4747        1.4207        1.3691        1.3210        1.2773    
     1.2385        1.2049        1.1766        1.1534        1.1349    
     1.1204    
