    0.88916       0.88942       0.89014       0.89112       0.89204    
    0.89253       0.89197       0.88987       0.88535       0.87770    
    0.86612       0.84972       0.82766       0.79950       0.76502    
    0.72430       0.67807       0.62756       0.57420       0.52037    
    0.46803       0.41922       0.37552       0.33783       0.30631    
    0.28041       0.25909       0.24083       0.22419       0.20815    
    0.19190       0.17533       0.15863       0.14243       0.12728    
    0.11370       0.10195       0.92056E-01   0.83763E-01   0.76667E-01
    0.70309E-01   0.64324E-01   0.58482E-01   0.52704E-01   0.47085E-01
    0.41792E-01   0.36997E-01   0.32850E-01   0.29398E-01   0.26590E-01
    0.24295E-01   0.22341E-01   0.20555E-01   0.18809E-01   0.17035E-01
    0.15237E-01   0.13470E-01   0.11817E-01   0.10357E-01   0.91462E-02
    0.81957E-02
