    0.47273       0.47336       0.47525       0.47851       0.48326    
    0.48970       0.49807       0.50863       0.52151       0.53595    
    0.55320       0.57339       0.59718       0.62456       0.65485    
    0.68916       0.72506       0.76595       0.80736       0.85486    
    0.89938       0.96509        1.0288        1.0891        1.1543    
     1.2176        1.2881        1.3604        1.4343        1.5073    
     1.5792        1.6495        1.7195        1.7770        1.8363    
     1.8829        1.9286        1.9600        1.9840        1.9997    
     1.9999        1.9917        1.9746        1.9508        1.9145    
     1.8716        1.8225        1.7687        1.7132        1.6558    
     1.5980        1.5412        1.4863        1.4355        1.3888    
     1.3456        1.3080        1.2756        1.2475        1.2250    
     1.2061    
