    0.59562E-01   0.59567E-01   0.59583E-01   0.59607E-01   0.59638E-01
    0.59671E-01   0.59704E-01   0.59732E-01   0.59750E-01   0.59755E-01
    0.59743E-01   0.59712E-01   0.59658E-01   0.59582E-01   0.59484E-01
    0.59365E-01   0.59230E-01   0.59083E-01   0.58930E-01   0.58779E-01
    0.58640E-01   0.58521E-01   0.58434E-01   0.58391E-01   0.58404E-01
    0.58486E-01   0.58648E-01   0.58904E-01   0.59263E-01   0.59736E-01
    0.60329E-01   0.61049E-01   0.61896E-01   0.62867E-01   0.63956E-01
    0.65149E-01   0.66429E-01   0.67772E-01   0.69147E-01   0.70521E-01
    0.71855E-01   0.73105E-01   0.74228E-01   0.75177E-01   0.75909E-01
    0.76382E-01   0.76559E-01   0.76409E-01   0.75910E-01   0.75047E-01
    0.73815E-01   0.72223E-01   0.70285E-01   0.68031E-01   0.65495E-01
    0.62725E-01   0.59771E-01   0.56692E-01   0.53548E-01   0.50403E-01
    0.47317E-01
