    0.62584E-01   0.62583E-01   0.62576E-01   0.62556E-01   0.62543E-01
    0.62594E-01   0.62666E-01   0.62719E-01   0.62741E-01   0.62735E-01
    0.62729E-01   0.62714E-01   0.62651E-01   0.62552E-01   0.62434E-01
    0.62157E-01   0.62095E-01   0.61883E-01   0.61684E-01   0.61468E-01
    0.61251E-01   0.61063E-01   0.60855E-01   0.60747E-01   0.60676E-01
    0.60681E-01   0.60766E-01   0.60938E-01   0.61276E-01   0.61704E-01
    0.62280E-01   0.63008E-01   0.63883E-01   0.64910E-01   0.66083E-01
    0.67385E-01   0.68770E-01   0.70315E-01   0.71870E-01   0.73433E-01
    0.74971E-01   0.76421E-01   0.77727E-01   0.78859E-01   0.79749E-01
    0.80341E-01   0.80632E-01   0.80557E-01   0.80086E-01   0.79199E-01
    0.77911E-01   0.76230E-01   0.74161E-01   0.71746E-01   0.69032E-01
    0.66037E-01   0.62858E-01   0.59544E-01   0.56162E-01   0.52793E-01
    0.49494E-01
