    0.62617E-01   0.62623E-01   0.62643E-01   0.62673E-01   0.62712E-01
    0.62755E-01   0.62797E-01   0.62833E-01   0.62859E-01   0.62869E-01
    0.62857E-01   0.62821E-01   0.62757E-01   0.62663E-01   0.62539E-01
    0.62387E-01   0.62208E-01   0.62009E-01   0.61796E-01   0.61576E-01
    0.61361E-01   0.61160E-01   0.60988E-01   0.60858E-01   0.60784E-01
    0.60782E-01   0.60868E-01   0.61057E-01   0.61364E-01   0.61801E-01
    0.62380E-01   0.63107E-01   0.63988E-01   0.65020E-01   0.66197E-01
    0.67505E-01   0.68926E-01   0.70431E-01   0.71988E-01   0.73557E-01
    0.75093E-01   0.76547E-01   0.77867E-01   0.79001E-01   0.79896E-01
    0.80506E-01   0.80788E-01   0.80705E-01   0.80233E-01   0.79354E-01
    0.78065E-01   0.76374E-01   0.74299E-01   0.71873E-01   0.69138E-01
    0.66146E-01   0.62956E-01   0.59632E-01   0.56245E-01   0.52863E-01
    0.49556E-01
