    0.49398       0.49435       0.49547       0.49740       0.50024    
    0.50411       0.50918       0.51563       0.52367       0.53353    
    0.54543       0.55962       0.57634       0.59582       0.61828    
    0.64394       0.67299       0.70560       0.74193       0.78210    
    0.82621       0.87429       0.92632       0.98220        1.0418    
     1.1047        1.1705        1.2387        1.3085        1.3791    
     1.4493        1.5182        1.5844        1.6466        1.7035    
     1.7539        1.7966        1.8304        1.8547        1.8688    
     1.8723        1.8653        1.8479        1.8209        1.7850    
     1.7414        1.6914        1.6365        1.5782        1.5182    
     1.4580        1.3991        1.3430        1.2906        1.2430    
     1.2008        1.1643        1.1338        1.1090        1.0896    
     1.0749    
