    0.81438       0.81434       0.81436       0.81482       0.81635    
    0.81975       0.82599       0.83615       0.85133       0.87264    
    0.90112       0.93772       0.98322        1.0382        1.1032    
     1.1782        1.2634        1.3582        1.4623        1.5748    
     1.6946        1.8206        1.9512        2.0850        2.2201    
     2.3548        2.4872        2.6155        2.7380        2.8530    
     2.9588        3.0541        3.1376        3.2081        3.2649    
     3.3072        3.3346        3.3470        3.3444        3.3271    
     3.2958        3.2514        3.1950        3.1279        3.0515    
     2.9676        2.8779        2.7841        2.6879        2.5910    
     2.4949        2.4009        2.3104        2.2241        2.1429    
     2.0671        1.9972        1.9331        1.8746        1.8215    
     1.7732    
