    0.34873       0.34956       0.35205       0.35620       0.36200    
    0.36945       0.37854       0.38927       0.40165       0.41568    
    0.43140       0.44885       0.46808       0.48917       0.51222    
    0.53735       0.56471       0.59448       0.62684       0.66200    
    0.70017       0.74154       0.78627       0.83446       0.88612    
    0.94116       0.99934        1.0603        1.1235        1.1881    
     1.2533        1.3180        1.3810        1.4411        1.4969    
     1.5471        1.5905        1.6260        1.6527        1.6698    
     1.6771        1.6743        1.6618        1.6400        1.6097    
     1.5721        1.5284        1.4801        1.4287        1.3759    
     1.3231        1.2718        1.2233        1.1787        1.1388    
     1.1042        1.0751        1.0517        1.0336        1.0204    
     1.0114    
