    0.73205E-01   0.73218E-01   0.73254E-01   0.73304E-01   0.73349E-01
    0.73383E-01   0.73526E-01   0.73698E-01   0.73801E-01   0.73800E-01
    0.73833E-01   0.73906E-01   0.73817E-01   0.73646E-01   0.73405E-01
    0.72364E-01   0.72696E-01   0.72176E-01   0.71655E-01   0.71068E-01
    0.70444E-01   0.69843E-01   0.69522E-01   0.68665E-01   0.68143E-01
    0.67797E-01   0.67596E-01   0.67508E-01   0.67804E-01   0.68262E-01
    0.68995E-01   0.70010E-01   0.71429E-01   0.73134E-01   0.75069E-01
    0.77337E-01   0.79839E-01   0.82537E-01   0.85360E-01   0.88197E-01
    0.90967E-01   0.93671E-01   0.96147E-01   0.98275E-01   0.99995E-01
    0.10122       0.10191       0.10202       0.10146       0.10026    
    0.98408E-01   0.95935E-01   0.92889E-01   0.89342E-01   0.85410E-01
    0.81074E-01   0.76548E-01   0.71897E-01   0.67229E-01   0.62677E-01
    0.58306E-01
