    0.60485E-01   0.60491E-01   0.60507E-01   0.60533E-01   0.60566E-01
    0.60602E-01   0.60637E-01   0.60668E-01   0.60688E-01   0.60695E-01
    0.60683E-01   0.60650E-01   0.60594E-01   0.60513E-01   0.60408E-01
    0.60280E-01   0.60132E-01   0.59971E-01   0.59801E-01   0.59631E-01
    0.59470E-01   0.59328E-01   0.59217E-01   0.59149E-01   0.59138E-01
    0.59195E-01   0.59335E-01   0.59571E-01   0.59914E-01   0.60376E-01
    0.60964E-01   0.61684E-01   0.62539E-01   0.63526E-01   0.64637E-01
    0.65861E-01   0.67179E-01   0.68565E-01   0.69990E-01   0.71418E-01
    0.72807E-01   0.74114E-01   0.75291E-01   0.76292E-01   0.77070E-01
    0.77582E-01   0.77789E-01   0.77659E-01   0.77168E-01   0.76301E-01
    0.75055E-01   0.73435E-01   0.71460E-01   0.69157E-01   0.66566E-01
    0.63732E-01   0.60712E-01   0.57563E-01   0.54350E-01   0.51137E-01
    0.47987E-01
