    0.63563E-01   0.63571E-01   0.63591E-01   0.63624E-01   0.63666E-01
    0.63711E-01   0.63757E-01   0.63797E-01   0.63825E-01   0.63836E-01
    0.63825E-01   0.63787E-01   0.63719E-01   0.63619E-01   0.63486E-01
    0.63321E-01   0.63128E-01   0.62910E-01   0.62676E-01   0.62432E-01
    0.62190E-01   0.61961E-01   0.61760E-01   0.61599E-01   0.61496E-01
    0.61466E-01   0.61527E-01   0.61695E-01   0.61986E-01   0.62414E-01
    0.62990E-01   0.63725E-01   0.64621E-01   0.65678E-01   0.66890E-01
    0.68243E-01   0.69716E-01   0.71282E-01   0.72905E-01   0.74545E-01
    0.76154E-01   0.77680E-01   0.79070E-01   0.80267E-01   0.81220E-01
    0.81876E-01   0.82192E-01   0.82131E-01   0.81666E-01   0.80779E-01
    0.79468E-01   0.77740E-01   0.75616E-01   0.73129E-01   0.70323E-01
    0.67254E-01   0.63981E-01   0.60574E-01   0.57104E-01   0.53643E-01
    0.50261E-01
