    0.65323       0.65349       0.65435       0.65602       0.65888    
    0.66339       0.67013       0.67971       0.69277       0.70997    
    0.73190       0.75911       0.79207       0.83115       0.87660    
    0.92858       0.98711        1.0521        1.1233        1.2004    
     1.2830        1.3703        1.4618        1.5565        1.6536    
     1.7521        1.8509        1.9489        2.0447        2.1373    
     2.2254        2.3076        2.3829        2.4501        2.5081    
     2.5560        2.5929        2.6184        2.6319        2.6335    
     2.6231        2.6012        2.5684        2.5257        2.4741    
     2.4149        2.3496        2.2797        2.2068        2.1323    
     2.0578        1.9846        1.9138        1.8465        1.7834    
     1.7250        1.6717        1.6236        1.5804        1.5420    
     1.5077    
