    0.78944       0.78949       0.78976       0.79060       0.79255    
    0.79636       0.80289       0.81298       0.82705       0.85030    
    0.87762       0.91256       0.95696        1.0101        1.0942    
     1.1617        1.2584        1.3574        1.4503        1.5553    
     1.6805        1.8056        1.9534        2.1015        2.2418    
     2.3673        2.4972        2.6481        2.7466        2.8698    
     2.9733        3.0693        3.1749        3.2474        3.3067    
     3.3391        3.3615        3.3739        3.3394        3.3285    
     3.2933        3.2465        3.1849        3.1116        3.0332    
     2.9498        2.8597        2.7716        2.6810        2.5817    
     2.4872        2.3990        2.3097        2.2294        2.1465    
     2.0730        2.0067        1.9460        1.8856        1.8275    
     1.7784    
