    0.77364       0.77415       0.77563       0.77795       0.78088    
    0.78414       0.78729       0.78980       0.79108       0.79023    
    0.78645       0.77869       0.76611       0.74777       0.72308    
    0.69175       0.65399       0.61066       0.56306       0.51301    
    0.46279       0.41451       0.37024       0.33141       0.29867    
    0.27199       0.25044       0.23276       0.21747       0.20306    
    0.18859       0.17357       0.15798       0.14232       0.12719    
    0.11329       0.10107       0.90759E-01   0.82227E-01   0.75155E-01
    0.69080E-01   0.63527E-01   0.58170E-01   0.52818E-01   0.47470E-01
    0.42252E-01   0.37370E-01   0.33021E-01   0.29326E-01   0.26316E-01
    0.23915E-01   0.21971E-01   0.20299E-01   0.18734E-01   0.17157E-01
    0.15520E-01   0.13843E-01   0.12197E-01   0.10669E-01   0.93406E-02
    0.82591E-02
