    0.93361       0.93375       0.93409       0.93443       0.93438    
    0.93354       0.93128       0.92698       0.91992       0.90928    
    0.89433       0.87425       0.84828       0.81617       0.77786    
    0.73360       0.68425       0.63123       0.57613       0.52121    
    0.46847       0.41980       0.37662       0.33949       0.30849    
    0.28290       0.26161       0.24303       0.22592       0.20922    
    0.19236       0.17532       0.15832       0.14205       0.12699    
    0.11361       0.10208       0.92350E-01   0.84120E-01   0.76989E-01
    0.70605E-01   0.64357E-01   0.58341E-01   0.52446E-01   0.46770E-01
    0.41491E-01   0.36770E-01   0.32720E-01   0.29366E-01   0.26624E-01
    0.24355E-01   0.22378E-01   0.20537E-01   0.18720E-01   0.16883E-01
    0.15041E-01   0.13263E-01   0.11630E-01   0.10216E-01   0.90608E-02
    0.81632E-02
