    0.68417       0.68453       0.68571       0.68801       0.69195    
    0.69835       0.70759       0.71198       0.71822       0.72920    
    0.76312       0.79066       0.82649       0.87053       0.92354    
    0.98622        1.0521        1.1280        1.2117        1.2842    
     1.3829        1.4807        1.5960        1.7142        1.8058    
     1.9228        2.0271        2.1509        2.2399        2.3389    
     2.4326        2.5215        2.6133        2.6849        2.7186    
     2.7888        2.8310        2.8347        2.8290        2.8287    
     2.8097        2.7791        2.7393        2.6831        2.6215    
     2.5610        2.4904        2.4122        2.3375        2.2590    
     2.1800        2.1043        2.0272        1.9580        1.8910    
     1.8279        1.7735        1.7215        1.6733        1.6278    
     1.5892    
