    0.60598       0.60635       0.60752       0.60966       0.61307    
    0.61812       0.62525       0.63495       0.64774       0.66411    
    0.68455       0.70950       0.73932       0.77432       0.81472    
    0.86066       0.91220       0.96928        1.0318        1.0995    
     1.1721        1.2491        1.3301        1.4144        1.5013    
     1.5901        1.6799        1.7696        1.8582        1.9446    
     2.0277        2.1063        2.1792        2.2451        2.3031    
     2.3521        2.3912        2.4196        2.4369        2.4429    
     2.4375        2.4209        2.3937        2.3567        2.3110    
     2.2577        2.1982        2.1340        2.0666        1.9975    
     1.9283        1.8602        1.7945        1.7320        1.6737    
     1.6201        1.5714        1.5278        1.4892        1.4551    
     1.4252    
