    0.50548       0.50604       0.50777       0.51076       0.51521    
    0.52134       0.52945       0.53987       0.55243       0.56723    
    0.58553       0.60629       0.63153       0.66002       0.69353    
    0.73005       0.77073       0.81762       0.86324       0.90883    
    0.95846        1.0363        1.1113        1.1676        1.2361    
     1.3059        1.3805        1.4569        1.5345        1.6103    
     1.6838        1.7661        1.8282        1.8906        1.9454    
     1.9963        2.0366        2.0671        2.0887        2.1013    
     2.1010        2.0918        2.0733        2.0447        2.0070    
     1.9626        1.9102        1.8545        1.7975        1.7384    
     1.6784        1.6195        1.5625        1.5096        1.4604    
     1.4145        1.3743        1.3391        1.3086        1.2824    
     1.2611    
