    0.65281E-01   0.65289E-01   0.65313E-01   0.65350E-01   0.65397E-01
    0.65450E-01   0.65502E-01   0.65548E-01   0.65582E-01   0.65596E-01
    0.65586E-01   0.65545E-01   0.65469E-01   0.65356E-01   0.65205E-01
    0.65017E-01   0.64793E-01   0.64540E-01   0.64263E-01   0.63973E-01
    0.63679E-01   0.63395E-01   0.63136E-01   0.62918E-01   0.62758E-01
    0.62676E-01   0.62690E-01   0.62820E-01   0.63083E-01   0.63496E-01
    0.64073E-01   0.64825E-01   0.65756E-01   0.66868E-01   0.68153E-01
    0.69598E-01   0.71180E-01   0.72868E-01   0.74626E-01   0.76407E-01
    0.78160E-01   0.79830E-01   0.81355E-01   0.82678E-01   0.83739E-01
    0.84484E-01   0.84864E-01   0.84841E-01   0.84385E-01   0.83479E-01
    0.82120E-01   0.80316E-01   0.78091E-01   0.75483E-01   0.72538E-01
    0.69317E-01   0.65885E-01   0.62316E-01   0.58686E-01   0.55072E-01
    0.51549E-01
