    0.65816       0.65841       0.65923       0.66086       0.66366    
    0.66812       0.67482       0.68439       0.69749       0.71478    
    0.73687       0.76433       0.79763       0.83714       0.88313    
    0.93575       0.99503        1.0609        1.1330        1.2111    
     1.2947        1.3831        1.4757        1.5716        1.6698    
     1.7693        1.8691        1.9679        2.0645        2.1578    
     2.2463        2.3290        2.4045        2.4718        2.5298    
     2.5776        2.6143        2.6394        2.6525        2.6536    
     2.6426        2.6202        2.5868        2.5434        2.4911    
     2.4313        2.3654        2.2949        2.2213        2.1463    
     2.0712        1.9974        1.9261        1.8582        1.7946    
     1.7358        1.6820        1.6334        1.5898        1.5509    
     1.5162    
