    0.74300E-01   0.74316E-01   0.74363E-01   0.74432E-01   0.74503E-01
    0.74564E-01   0.74732E-01   0.74946E-01   0.75086E-01   0.75103E-01
    0.75155E-01   0.75280E-01   0.75206E-01   0.75040E-01   0.74792E-01
    0.73575E-01   0.74084E-01   0.73484E-01   0.72902E-01   0.72254E-01
    0.71560E-01   0.70894E-01   0.70668E-01   0.69595E-01   0.68991E-01
    0.68577E-01   0.68379E-01   0.68277E-01   0.68611E-01   0.69130E-01
    0.69946E-01   0.71094E-01   0.72672E-01   0.74561E-01   0.76749E-01
    0.79259E-01   0.82032E-01   0.85012E-01   0.88128E-01   0.91185E-01
    0.94298E-01   0.97307E-01   0.99957E-01   0.10227       0.10413    
    0.10544       0.10616       0.10624       0.10561       0.10428    
    0.10225       0.99567E-01   0.96273E-01   0.92454E-01   0.88251E-01
    0.83617E-01   0.78810E-01   0.73891E-01   0.68973E-01   0.64206E-01
    0.59652E-01
