    0.62945E-01   0.62944E-01   0.62938E-01   0.62918E-01   0.62903E-01
    0.62953E-01   0.63027E-01   0.63082E-01   0.63105E-01   0.63098E-01
    0.63093E-01   0.63078E-01   0.63014E-01   0.62912E-01   0.62790E-01
    0.62502E-01   0.62441E-01   0.62222E-01   0.62015E-01   0.61791E-01
    0.61564E-01   0.61366E-01   0.61148E-01   0.61027E-01   0.60945E-01
    0.60940E-01   0.61016E-01   0.61180E-01   0.61512E-01   0.61936E-01
    0.62511E-01   0.63241E-01   0.64122E-01   0.65157E-01   0.66343E-01
    0.67660E-01   0.69065E-01   0.70632E-01   0.72210E-01   0.73799E-01
    0.75363E-01   0.76840E-01   0.78171E-01   0.79326E-01   0.80237E-01
    0.80847E-01   0.81150E-01   0.81083E-01   0.80615E-01   0.79725E-01
    0.78429E-01   0.76735E-01   0.74648E-01   0.72211E-01   0.69472E-01
    0.66449E-01   0.63239E-01   0.59894E-01   0.56481E-01   0.53084E-01
    0.49757E-01
