    0.70704       0.70718       0.70771       0.70889       0.71118    
    0.71518       0.72158       0.73117       0.74474       0.76310    
    0.78699       0.81711       0.85402       0.89818       0.94990    
     1.0093        1.0765        1.1512        1.2331        1.3217    
     1.4164        1.5164        1.6207        1.7282        1.8378    
     1.9481        2.0580        2.1659        2.2706        2.3706    
     2.4646        2.5512        2.6293        2.6978        2.7556    
     2.8019        2.8360        2.8574        2.8660        2.8618    
     2.8449        2.8161        2.7760        2.7257        2.6665    
     2.5997        2.5269        2.4496        2.3694        2.2880    
     2.2067        2.1270        2.0499        1.9765        1.9076    
     1.8435        1.7847        1.7312        1.6829        1.6394    
     1.6003    
