    0.69124       0.69141       0.69203       0.69335       0.69580    
    0.69994       0.70643       0.71599       0.72940       0.74740    
    0.77069       0.79993       0.83565       0.87828       0.92812    
    0.98532        1.0499        1.1217        1.2004        1.2856    
     1.3767        1.4729        1.5733        1.6770        1.7829    
     1.8897        1.9963        2.1012        2.2033        2.3010    
     2.3933        2.4786        2.5559        2.6240        2.6819    
     2.7287        2.7637        2.7864        2.7965        2.7940    
     2.7791        2.7524        2.7145        2.6666        2.6097    
     2.5452        2.4747        2.3996        2.3217        2.2424    
     2.1631        2.0854        2.0102        1.9387        1.8714    
     1.8091        1.7519        1.7000        1.6532        1.6112    
     1.5735    
