    0.40111       0.40192       0.40434       0.40836       0.41397    
    0.42118       0.43001       0.44092       0.45276       0.46780    
    0.48365       0.50201       0.52247       0.54566       0.57168    
    0.59898       0.62936       0.66236       0.69729       0.73474    
    0.77722       0.82516       0.87664       0.93042       0.98568    
     1.0464        1.1084        1.1748        1.2413        1.3102    
     1.3775        1.4431        1.5089        1.5709        1.6258    
     1.6753        1.7200        1.7539        1.7818        1.7965    
     1.8024        1.7967        1.7825        1.7595        1.7298    
     1.6888        1.6432        1.5928        1.5405        1.4862    
     1.4319        1.3786        1.3280        1.2825        1.2399    
     1.1999        1.1687        1.1416        1.1204        1.1015    
     1.0893    
