    0.59765       0.59804       0.59927       0.60150       0.60501    
    0.61015       0.61736       0.62710       0.63985       0.65610    
    0.67631       0.70089       0.73020       0.76454       0.80411    
    0.84907       0.89945       0.95523        1.0163        1.0824    
     1.1534        1.2287        1.3080        1.3906        1.4758    
     1.5630        1.6512        1.7395        1.8270        1.9124    
     1.9947        2.0726        2.1451        2.2108        2.2688    
     2.3179        2.3573        2.3862        2.4041        2.4108    
     2.4061        2.3904        2.3641        2.3281        2.2832    
     2.2308        2.1723        2.1090        2.0425        1.9743    
     1.9059        1.8387        1.7737        1.7121        1.6546    
     1.6017        1.5539        1.5111        1.4732        1.4399    
     1.4107    
