    0.67212       0.67246       0.67354       0.67562       0.67907    
    0.68442       0.69223       0.70229       0.71095       0.71768    
    0.74966       0.77729       0.81242       0.85522       0.90576    
    0.96703        1.0309        1.1040        1.1860        1.2545    
     1.3502        1.4454        1.5565        1.6732        1.8255    
     1.8729        1.9768        2.0825        2.1837        2.2812    
     2.3720        2.4606        2.5547        2.6244        2.6615    
     2.6957        2.7741        2.7745        2.7723        2.7724    
     2.7549        2.7258        2.6882        2.6345        2.5750    
     2.5170        2.4474        2.3710        2.2988        2.2230    
     2.1447        2.0704        1.9941        1.9266        1.8607    
     1.7987        1.7458        1.6945        1.6480        1.6040    
     1.5665    
