    0.44544       0.44590       0.44730       0.44966       0.45305    
    0.45754       0.46323       0.47023       0.47867       0.48872    
    0.50052       0.51426       0.53011       0.54827       0.56894    
    0.59230       0.61856       0.64793       0.68059       0.71673    
    0.75652       0.80007       0.84746       0.89869       0.95368    
     1.0122        1.0740        1.1384        1.2049        1.2727    
     1.3407        1.4078        1.4727        1.5342        1.5910    
     1.6416        1.6848        1.7195        1.7449        1.7602    
     1.7651        1.7595        1.7436        1.7180        1.6835    
     1.6413        1.5926        1.5390        1.4821        1.4236    
     1.3650        1.3078        1.2535        1.2032        1.1579    
     1.1182        1.0844        1.0568        1.0351        1.0189    
     1.0075    
