    0.74924E-01   0.74943E-01   0.75000E-01   0.75085E-01   0.75178E-01
    0.75265E-01   0.75458E-01   0.75709E-01   0.75884E-01   0.75918E-01
    0.75991E-01   0.76166E-01   0.76110E-01   0.75955E-01   0.75708E-01
    0.74384E-01   0.74913E-01   0.74361E-01   0.73737E-01   0.73049E-01
    0.72309E-01   0.71597E-01   0.71463E-01   0.70226E-01   0.69564E-01
    0.69140E-01   0.68918E-01   0.68815E-01   0.69189E-01   0.69768E-01
    0.70661E-01   0.71927E-01   0.73635E-01   0.75685E-01   0.78072E-01
    0.80772E-01   0.83760E-01   0.86964E-01   0.90286E-01   0.93520E-01
    0.96926E-01   0.10013       0.10291       0.10536       0.10731    
    0.10867       0.10940       0.10945       0.10874       0.10730    
    0.10513       0.10227       0.98776E-01   0.94743E-01   0.90328E-01
    0.85466E-01   0.80445E-01   0.75324E-01   0.70221E-01   0.65298E-01
    0.60613E-01
