    0.56517E-01   0.56521E-01   0.56533E-01   0.56552E-01   0.56575E-01
    0.56600E-01   0.56624E-01   0.56644E-01   0.56655E-01   0.56656E-01
    0.56642E-01   0.56613E-01   0.56567E-01   0.56504E-01   0.56425E-01
    0.56334E-01   0.56233E-01   0.56127E-01   0.56024E-01   0.55929E-01
    0.55852E-01   0.55802E-01   0.55788E-01   0.55819E-01   0.55908E-01
    0.56063E-01   0.56295E-01   0.56612E-01   0.57023E-01   0.57535E-01
    0.58152E-01   0.58877E-01   0.59709E-01   0.60643E-01   0.61672E-01
    0.62783E-01   0.63959E-01   0.65178E-01   0.66413E-01   0.67634E-01
    0.68806E-01   0.69892E-01   0.70853E-01   0.71650E-01   0.72244E-01
    0.72600E-01   0.72685E-01   0.72474E-01   0.71946E-01   0.71089E-01
    0.69900E-01   0.68384E-01   0.66558E-01   0.64444E-01   0.62075E-01
    0.59492E-01   0.56741E-01   0.53873E-01   0.50943E-01   0.48007E-01
    0.45121E-01
