    0.44698E-01   0.44708E-01   0.44738E-01   0.44785E-01   0.44845E-01
    0.44914E-01   0.44985E-01   0.45053E-01   0.45109E-01   0.45146E-01
    0.45157E-01   0.45136E-01   0.45077E-01   0.44977E-01   0.44832E-01
    0.44642E-01   0.44410E-01   0.44140E-01   0.43837E-01   0.43514E-01
    0.43181E-01   0.42854E-01   0.42551E-01   0.42293E-01   0.42102E-01
    0.42005E-01   0.42026E-01   0.42193E-01   0.42532E-01   0.43068E-01
    0.43822E-01   0.44810E-01   0.46045E-01   0.47530E-01   0.49259E-01
    0.51217E-01   0.53379E-01   0.55708E-01   0.58158E-01   0.60673E-01
    0.63189E-01   0.65635E-01   0.67938E-01   0.70024E-01   0.71822E-01
    0.73263E-01   0.74292E-01   0.74859E-01   0.74933E-01   0.74494E-01
    0.73539E-01   0.72084E-01   0.70158E-01   0.67807E-01   0.65090E-01
    0.62077E-01   0.58848E-01   0.55486E-01   0.52080E-01   0.48713E-01
    0.45469E-01
