    0.67732E-01   0.67742E-01   0.67771E-01   0.67817E-01   0.67875E-01
    0.67940E-01   0.68006E-01   0.68065E-01   0.68109E-01   0.68131E-01
    0.68123E-01   0.68079E-01   0.67993E-01   0.67861E-01   0.67682E-01
    0.67455E-01   0.67183E-01   0.66871E-01   0.66526E-01   0.66159E-01
    0.65781E-01   0.65408E-01   0.65057E-01   0.64747E-01   0.64499E-01
    0.64336E-01   0.64280E-01   0.64355E-01   0.64583E-01   0.64984E-01
    0.65576E-01   0.66372E-01   0.67379E-01   0.68598E-01   0.70021E-01
    0.71635E-01   0.73411E-01   0.75318E-01   0.77310E-01   0.79335E-01
    0.81335E-01   0.83246E-01   0.84999E-01   0.86526E-01   0.87763E-01
    0.88646E-01   0.89124E-01   0.89153E-01   0.88700E-01   0.87749E-01
    0.86297E-01   0.84357E-01   0.81956E-01   0.79138E-01   0.75957E-01
    0.72481E-01   0.68785E-01   0.64950E-01   0.61062E-01   0.57204E-01
    0.53460E-01
