    0.66575       0.66608       0.66716       0.66921       0.67260    
    0.67780       0.68537       0.69549       0.70616       0.71224    
    0.74280       0.77029       0.80501       0.84756       0.89658    
    0.95712        1.0199        1.0917        1.1729        1.2393    
     1.3335        1.4274        1.5361        1.6505        1.7674    
     1.8470        1.9506        2.0576        2.1549        2.2520    
     2.3411        2.4294        2.5240        2.5936        2.6317    
     2.6540        2.7455        2.7439        2.7432        2.7436    
     2.7269        2.6988        2.6621        2.6095        2.5511    
     2.4941        2.4251        2.3498        2.2793        2.2051    
     2.1263        2.0523        1.9769        1.9094        1.8450    
     1.7835        1.7315        1.6804        1.6349        1.5915    
     1.5547    
