    0.42925E-01   0.42930E-01   0.42945E-01   0.42970E-01   0.43000E-01
    0.43034E-01   0.43067E-01   0.43095E-01   0.43113E-01   0.43118E-01
    0.43106E-01   0.43072E-01   0.43014E-01   0.42931E-01   0.42822E-01
    0.42689E-01   0.42533E-01   0.42358E-01   0.42171E-01   0.41977E-01
    0.41787E-01   0.41610E-01   0.41459E-01   0.41345E-01   0.41285E-01
    0.41292E-01   0.41384E-01   0.41577E-01   0.41887E-01   0.42328E-01
    0.42914E-01   0.43655E-01   0.44559E-01   0.45628E-01   0.46858E-01
    0.48240E-01   0.49757E-01   0.51387E-01   0.53099E-01   0.54855E-01
    0.56612E-01   0.58324E-01   0.59938E-01   0.61403E-01   0.62667E-01
    0.63681E-01   0.64402E-01   0.64792E-01   0.64823E-01   0.64477E-01
    0.63747E-01   0.62638E-01   0.61166E-01   0.59359E-01   0.57257E-01
    0.54907E-01   0.52365E-01   0.49692E-01   0.46952E-01   0.44210E-01
    0.41531E-01
