    0.53681       0.53708       0.53791       0.53940       0.54167    
    0.54490       0.54933       0.55520       0.56281       0.57245    
    0.58445       0.59910       0.61672       0.63757       0.66191    
    0.68997       0.72194       0.75797       0.79816       0.84259    
    0.89126       0.94412        1.0011        1.0619        1.1263    
     1.1938        1.2640        1.3361        1.4095        1.4830    
     1.5557        1.6264        1.6939        1.7568        1.8139    
     1.8640        1.9060        1.9388        1.9618        1.9743    
     1.9762        1.9674        1.9483        1.9195        1.8819    
     1.8366        1.7849        1.7282        1.6683        1.6065    
     1.5446        1.4839        1.4257        1.3712        1.3213    
     1.2766        1.2375        1.2042        1.1765        1.1541    
     1.1364    
