    0.79313       0.79360       0.79497       0.79711       0.79974    
    0.80258       0.80518       0.80699       0.80740       0.80548    
    0.80048       0.79135       0.77723       0.75731       0.73097    
    0.69805       0.65880       0.61419       0.56551       0.51474    
    0.46407       0.41560       0.37138       0.33268       0.30014    
    0.27363       0.25209       0.23433       0.21883       0.20413    
    0.18935       0.17404       0.15824       0.14244       0.12728    
    0.11341       0.10127       0.91023E-01   0.82537E-01   0.75473E-01
    0.69351E-01   0.63727E-01   0.58283E-01   0.52850E-01   0.47446E-01
    0.42203E-01   0.37326E-01   0.33004E-01   0.29350E-01   0.26376E-01
    0.23997E-01   0.22056E-01   0.20369E-01   0.18774E-01   0.17162E-01
    0.15494E-01   0.13797E-01   0.12143E-01   0.10622E-01   0.93098E-02
    0.82493E-02
