    0.51934       0.51965       0.52061       0.52228       0.52479    
    0.52829       0.53299       0.53910       0.54688       0.55661    
    0.56856       0.58301       0.60022       0.62048       0.64400    
    0.67102       0.70172       0.73627       0.77479       0.81738    
    0.86407       0.91487       0.96968        1.0284        1.0907    
     1.1562        1.2245        1.2950        1.3668        1.4390    
     1.5107        1.5806        1.6475        1.7101        1.7672    
     1.8174        1.8597        1.8930        1.9166        1.9298    
     1.9324        1.9244        1.9061        1.8781        1.8412    
     1.7967        1.7457        1.6899        1.6306        1.5697    
     1.5085        1.4486        1.3912        1.3377        1.2887    
     1.2451        1.2071        1.1750        1.1485        1.1273    
     1.1109    
