    0.61721       0.61791       0.61999       0.62343       0.62810    
    0.63388       0.64051       0.64760       0.65467       0.66098    
    0.66573       0.66792       0.66648       0.66027       0.64836    
    0.62990       0.60452       0.57245       0.53445       0.49193    
    0.44688       0.40146       0.35804       0.31869       0.28469    
    0.25674       0.23460       0.21729       0.20336       0.19122    
    0.17946       0.16711       0.15381       0.13971       0.12539    
    0.11158       0.98998E-01   0.88139E-01   0.79168E-01   0.71939E-01
    0.66072E-01   0.61051E-01   0.56415E-01   0.51811E-01   0.47079E-01
    0.42248E-01   0.37484E-01   0.33018E-01   0.29059E-01   0.25748E-01
    0.23106E-01   0.21057E-01   0.19440E-01   0.18066E-01   0.16764E-01
    0.15417E-01   0.13979E-01   0.12473E-01   0.10972E-01   0.95688E-02
    0.83474E-02
