    0.37547       0.37628       0.37870       0.38273       0.38841    
    0.39573       0.40473       0.41544       0.42790       0.44216    
    0.45826       0.47628       0.49629       0.51839       0.54268    
    0.56928       0.59834       0.63000       0.66443       0.70182    
    0.74231       0.78608       0.83322       0.88380       0.93777    
    0.99501        1.0552        1.1180        1.1828        1.2488    
     1.3152        1.3807        1.4444        1.5048        1.5608    
     1.6110        1.6542        1.6893        1.7156        1.7323    
     1.7390        1.7357        1.7226        1.7003        1.6695    
     1.6314        1.5871        1.5382        1.4862        1.4327    
     1.3791        1.3268        1.2773        1.2314        1.1902    
     1.1541        1.1234        1.0982        1.0782        1.0630    
     1.0520    
