    0.77574       0.77578       0.77602       0.77681       0.77870    
    0.78243       0.78883       0.79875       0.81259       0.83421    
    0.86176       0.89649       0.93940       0.99086        1.0705    
     1.1391        1.2208        1.3242        1.4209        1.5187    
     1.6397        1.7611        1.9042        2.0484        2.1855    
     2.3070        2.4338        2.5772        2.6783        2.7969    
     2.9005        2.9952        3.0984        3.1752        3.2332    
     3.2661        3.2892        3.3020        3.2709        3.2613    
     3.2277        3.1839        3.1253        3.0548        2.9784    
     2.8979        2.8109        2.7241        2.6357        2.5390    
     2.4429        2.3603        2.2728        2.1943        2.1122    
     2.0412        1.9765        1.9171        1.8582        1.8019    
     1.7543    
