    0.91860       0.91878       0.91926       0.91983       0.92013    
    0.91976       0.91809       0.91470       0.90843       0.89875    
    0.88497       0.86619       0.84152       0.81076       0.77375    
    0.73068       0.68237       0.63018       0.57564       0.52106    
    0.46844       0.41969       0.37631       0.33899       0.30781    
    0.28210       0.26082       0.24237       0.22541       0.20892    
    0.19226       0.17537       0.15846       0.14221       0.12711    
    0.11366       0.10204       0.92266E-01   0.84021E-01   0.76899E-01
    0.70442E-01   0.64364E-01   0.58403E-01   0.52548E-01   0.46887E-01
    0.41602E-01   0.36853E-01   0.32770E-01   0.29382E-01   0.26618E-01
    0.24341E-01   0.22373E-01   0.20551E-01   0.18758E-01   0.16940E-01
    0.15113E-01   0.13337E-01   0.11695E-01   0.10265E-01   0.90905E-02
    0.81750E-02
