    0.55113       0.55163       0.55316       0.55586       0.55992    
    0.56561       0.57326       0.58321       0.59582       0.61146    
    0.63048       0.65319       0.67986       0.71074       0.74600    
    0.78578       0.83015       0.87914       0.93270       0.99074    
     1.0531        1.1195        1.1897        1.2633        1.3398    
     1.4185        1.4989        1.5801        1.6612        1.7413    
     1.8192        1.8939        1.9641        2.0287        2.0865    
     2.1364        2.1774        2.2087        2.2296        2.2397    
     2.2390        2.2275        2.2056        2.1741        2.1339    
     2.0862        2.0322        1.9734        1.9114        1.8476    
     1.7835        1.7205        1.6598        1.6024        1.5491    
     1.5005        1.4568        1.4183        1.3846        1.3555    
     1.3304    
