    0.34004       0.34088       0.34339       0.34756       0.35339    
    0.36085       0.36995       0.38066       0.39299       0.40693    
    0.42251       0.43976       0.45873       0.47949       0.50214    
    0.52680       0.55363       0.58280       0.61451       0.64898    
    0.68643       0.72706       0.77103       0.81847       0.86939    
    0.92373       0.98125        1.0416        1.1042        1.1684    
     1.2331        1.2975        1.3603        1.4201        1.4758    
     1.5259        1.5693        1.6047        1.6314        1.6486    
     1.6560        1.6533        1.6408        1.6191        1.5890    
     1.5515        1.5080        1.4599        1.4087        1.3561    
     1.3036        1.2526        1.2045        1.1603        1.1209    
     1.0867        1.0583        1.0354        1.0179        1.0053    
    0.99690    
