    0.71036       0.71049       0.71100       0.71215       0.71441    
    0.71838       0.72477       0.73436       0.74797       0.76640    
    0.79043       0.82074       0.85790       0.90239       0.95450    
     1.0144        1.0821        1.1574        1.2400        1.3294    
     1.4248        1.5256        1.6307        1.7390        1.8493    
     1.9605        2.0710        2.1796        2.2848        2.3852    
     2.4796        2.5665        2.6448        2.7133        2.7711    
     2.8173        2.8512        2.8724        2.8806        2.8760    
     2.8588        2.8294        2.7889        2.7381        2.6784    
     2.6111        2.5378        2.4600        2.3794        2.2975    
     2.2158        2.1356        2.0582        1.9844        1.9151    
     1.8507        1.7916        1.7377        1.6891        1.6453    
     1.6059    
