    0.42493E-01   0.42498E-01   0.42512E-01   0.42533E-01   0.42559E-01
    0.42588E-01   0.42616E-01   0.42639E-01   0.42653E-01   0.42654E-01
    0.42638E-01   0.42603E-01   0.42547E-01   0.42467E-01   0.42364E-01
    0.42239E-01   0.42095E-01   0.41935E-01   0.41766E-01   0.41593E-01
    0.41426E-01   0.41273E-01   0.41147E-01   0.41059E-01   0.41022E-01
    0.41051E-01   0.41160E-01   0.41364E-01   0.41678E-01   0.42116E-01
    0.42688E-01   0.43405E-01   0.44272E-01   0.45292E-01   0.46460E-01
    0.47768E-01   0.49201E-01   0.50736E-01   0.52346E-01   0.53994E-01
    0.55642E-01   0.57244E-01   0.58753E-01   0.60121E-01   0.61298E-01
    0.62238E-01   0.62901E-01   0.63251E-01   0.63262E-01   0.62915E-01
    0.62203E-01   0.61131E-01   0.59714E-01   0.57977E-01   0.55958E-01
    0.53700E-01   0.51256E-01   0.48685E-01   0.46046E-01   0.43401E-01
    0.40812E-01
