    0.62708E-01   0.62707E-01   0.62700E-01   0.62680E-01   0.62667E-01
    0.62718E-01   0.62791E-01   0.62844E-01   0.62867E-01   0.62861E-01
    0.62855E-01   0.62840E-01   0.62777E-01   0.62677E-01   0.62557E-01
    0.62276E-01   0.62215E-01   0.62000E-01   0.61798E-01   0.61579E-01
    0.61359E-01   0.61167E-01   0.60956E-01   0.60843E-01   0.60768E-01
    0.60769E-01   0.60851E-01   0.61020E-01   0.61356E-01   0.61783E-01
    0.62359E-01   0.63087E-01   0.63965E-01   0.64994E-01   0.66172E-01
    0.67480E-01   0.68872E-01   0.70425E-01   0.71989E-01   0.73562E-01
    0.75109E-01   0.76570E-01   0.77885E-01   0.79025E-01   0.79923E-01
    0.80521E-01   0.80817E-01   0.80745E-01   0.80276E-01   0.79387E-01
    0.78097E-01   0.76411E-01   0.74336E-01   0.71912E-01   0.69190E-01
    0.66184E-01   0.62994E-01   0.59669E-01   0.56275E-01   0.52896E-01
    0.49588E-01
