    0.48317       0.48377       0.48561       0.48879       0.49344    
    0.49979       0.50808       0.51858       0.53143       0.54592    
    0.56333       0.58381       0.60805       0.63592       0.66717    
    0.70215       0.73900       0.78153       0.82395       0.87147    
    0.91725       0.98829        1.0549        1.1129        1.1789    
     1.2438        1.3154        1.3888        1.4637        1.5376    
     1.6100        1.6812        1.7518        1.8106        1.8684    
     1.9154        1.9603        1.9913        2.0146        2.0289    
     2.0296        2.0213        2.0031        1.9790        1.9427    
     1.8986        1.8485        1.7942        1.7383        1.6804    
     1.6219        1.5646        1.5091        1.4578        1.4102    
     1.3662        1.3279        1.2947        1.2658        1.2425    
     1.2227    
