    0.72471       0.72482       0.72524       0.72627       0.72840    
    0.73225       0.73858       0.74820       0.76198       0.78077    
    0.80536       0.83649       0.87477       0.92066       0.97452    
     1.0365        1.1066        1.1845        1.2701        1.3626    
     1.4614        1.5656        1.6742        1.7860        1.8998    
     2.0142        2.1277        2.2390        2.3466        2.4491    
     2.5450        2.6331        2.7122        2.7810        2.8387    
     2.8844        2.9175        2.9375        2.9443        2.9380    
     2.9189        2.8876        2.8450        2.7921        2.7302    
     2.6607        2.5852        2.5053        2.4226        2.3388    
     2.2552        2.1732        2.0940        2.0185        1.9476    
     1.8816        1.8210        1.7657        1.7157        1.6706    
     1.6299    
