    0.67963E-01   0.67968E-01   0.67980E-01   0.67987E-01   0.67964E-01
    0.67970E-01   0.68075E-01   0.68163E-01   0.68203E-01   0.68197E-01
    0.68192E-01   0.68190E-01   0.68105E-01   0.67965E-01   0.67789E-01
    0.67278E-01   0.67275E-01   0.66937E-01   0.66607E-01   0.66236E-01
    0.65849E-01   0.65487E-01   0.65130E-01   0.64791E-01   0.64533E-01
    0.64375E-01   0.64314E-01   0.64351E-01   0.64630E-01   0.65018E-01
    0.65606E-01   0.66390E-01   0.67420E-01   0.68629E-01   0.70065E-01
    0.71687E-01   0.73488E-01   0.75416E-01   0.77419E-01   0.79459E-01
    0.81482E-01   0.83411E-01   0.85165E-01   0.86705E-01   0.87948E-01
    0.88825E-01   0.89319E-01   0.89360E-01   0.88912E-01   0.87966E-01
    0.86507E-01   0.84553E-01   0.82144E-01   0.79321E-01   0.76148E-01
    0.72644E-01   0.68939E-01   0.65092E-01   0.61196E-01   0.57323E-01
    0.53572E-01
