     1.0303        1.0301        1.0293        1.0277        1.0252    
     1.0208        1.0141        1.0043       0.99084       0.97281    
    0.94965       0.92078       0.88590       0.84481       0.79816    
    0.74634       0.69071       0.63301       0.57492       0.51859    
    0.46580       0.41819       0.37645       0.34102       0.31130    
    0.28639       0.26507       0.24580       0.22751       0.20955    
    0.19157       0.17377       0.15643       0.14028       0.12565    
    0.11281       0.10180       0.92418E-01   0.84285E-01   0.77031E-01
    0.70284E-01   0.63788E-01   0.57464E-01   0.51394E-01   0.45702E-01
    0.40545E-01   0.36046E-01   0.32238E-01   0.29095E-01   0.26478E-01
    0.24227E-01   0.22176E-01   0.20213E-01   0.18255E-01   0.16310E-01
    0.14425E-01   0.12676E-01   0.11137E-01   0.98562E-02   0.88392E-02
    0.80552E-02
