    0.67162       0.67183       0.67257       0.67407       0.67672    
    0.68104       0.68764       0.69720       0.71041       0.72797    
    0.75053       0.77869       0.81295       0.85371       0.90124    
    0.95570        1.0171        1.0853        1.1601        1.2411    
     1.3277        1.4192        1.5150        1.6140        1.7153    
     1.8178        1.9203        2.0215        2.1204        2.2154    
     2.3055        2.3892        2.4655        2.5331        2.5911    
     2.6384        2.6745        2.6986        2.7106        2.7102    
     2.6977        2.6735        2.6384        2.5932        2.5391    
     2.4774        2.4096        2.3373        2.2620        2.1853    
     2.1085        2.0331        1.9603        1.8909        1.8259    
     1.7656        1.7105        1.6605        1.6156        1.5754    
     1.5395    
