    0.66120E-01   0.66123E-01   0.66130E-01   0.66126E-01   0.66094E-01
    0.66112E-01   0.66207E-01   0.66280E-01   0.66313E-01   0.66307E-01
    0.66300E-01   0.66292E-01   0.66214E-01   0.66089E-01   0.65934E-01
    0.65525E-01   0.65487E-01   0.65196E-01   0.64916E-01   0.64605E-01
    0.64282E-01   0.63986E-01   0.63673E-01   0.63431E-01   0.63243E-01
    0.63144E-01   0.63135E-01   0.63222E-01   0.63514E-01   0.63910E-01
    0.64486E-01   0.65241E-01   0.66200E-01   0.67331E-01   0.68656E-01
    0.70145E-01   0.71793E-01   0.73551E-01   0.75374E-01   0.77226E-01
    0.79059E-01   0.80802E-01   0.82383E-01   0.83768E-01   0.84878E-01
    0.85651E-01   0.86072E-01   0.86075E-01   0.85626E-01   0.84715E-01
    0.83330E-01   0.81481E-01   0.79209E-01   0.76547E-01   0.73553E-01
    0.70247E-01   0.66744E-01   0.63100E-01   0.59395E-01   0.55714E-01
    0.52128E-01
