    0.73707E-01   0.73727E-01   0.73783E-01   0.73873E-01   0.73989E-01
    0.74123E-01   0.74264E-01   0.74399E-01   0.74517E-01   0.74602E-01
    0.74641E-01   0.74622E-01   0.74534E-01   0.74369E-01   0.74119E-01
    0.73784E-01   0.73365E-01   0.72867E-01   0.72301E-01   0.71681E-01
    0.71027E-01   0.70362E-01   0.69716E-01   0.69120E-01   0.68609E-01
    0.68221E-01   0.67995E-01   0.67969E-01   0.68181E-01   0.68663E-01
    0.69444E-01   0.70543E-01   0.71972E-01   0.73729E-01   0.75802E-01
    0.78164E-01   0.80772E-01   0.83572E-01   0.86496E-01   0.89462E-01
    0.92384E-01   0.95164E-01   0.97707E-01   0.99917E-01   0.10170    
    0.10298       0.10369       0.10376       0.10318       0.10193    
    0.10001       0.97453E-01   0.94313E-01   0.90657E-01   0.86569E-01
    0.82149E-01   0.77502E-01   0.72740E-01   0.67978E-01   0.63324E-01
    0.58882E-01
