    0.65615       0.65641       0.65724       0.65889       0.66171    
    0.66620       0.67291       0.68248       0.69557       0.71282    
    0.73485       0.76220       0.79536       0.83469       0.88046    
    0.93282       0.99179        1.0573        1.1290        1.2067    
     1.2899        1.3779        1.4700        1.5654        1.6632    
     1.7623        1.8616        1.9601        2.0564        2.1493    
     2.2377        2.3202        2.3956        2.4629        2.5209    
     2.5687        2.6055        2.6307        2.6441        2.6453    
     2.6346        2.6124        2.5792        2.5361        2.4841    
     2.4246        2.3589        2.2887        2.2154        2.1405    
     2.0657        1.9921        1.9210        1.8534        1.7900    
     1.7314        1.6778        1.6293        1.5859        1.5472    
     1.5127    
