    0.55726       0.55748       0.55817       0.55942       0.56139    
    0.56429       0.56838       0.57396       0.58135       0.59089    
    0.60295       0.61786       0.63596       0.65756       0.68292    
    0.71228       0.74582       0.78369       0.82597       0.87269    
    0.92382       0.97926        1.0388        1.1023        1.1693    
     1.2394        1.3119        1.3862        1.4614        1.5365    
     1.6105        1.6822        1.7503        1.8137        1.8709    
     1.9208        1.9623        1.9946        2.0168        2.0284    
     2.0293        2.0195        1.9994        1.9695        1.9309    
     1.8845        1.8318        1.7742        1.7133        1.6506    
     1.5876        1.5258        1.4666        1.4109        1.3598    
     1.3138        1.2734        1.2387        1.2096        1.1856    
     1.1664    
