     1.0643        1.0640        1.0628        1.0606        1.0568    
     1.0510        1.0424        1.0304        1.0143       0.99330    
    0.96689       0.93463       0.89635       0.85210       0.80226    
    0.74795       0.69033       0.63117       0.57231       0.51583    
    0.46337       0.41642       0.37539       0.34061       0.31148    
    0.28687       0.26536       0.24580       0.22720       0.20885    
    0.19057       0.17259       0.15529       0.13929       0.12486    
    0.11227       0.10148       0.92201E-01   0.84118E-01   0.76794E-01
    0.69929E-01   0.63329E-01   0.56942E-01   0.50844E-01   0.45178E-01
    0.40092E-01   0.35693E-01   0.31986E-01   0.28908E-01   0.26323E-01
    0.24067E-01   0.21987E-01   0.19971E-01   0.17973E-01   0.16006E-01
    0.14127E-01   0.12412E-01   0.10926E-01   0.97035E-02   0.87414E-02
    0.79968E-02
