    0.34347       0.34436       0.34706       0.35132       0.35721    
    0.36471       0.37373       0.38360       0.39699       0.41110    
    0.42616       0.44340       0.46198       0.48305       0.50647    
    0.53049       0.55638       0.58474       0.61615       0.64977    
    0.68627       0.72984       0.77350       0.82020       0.87214    
    0.92790       0.98615        1.0474        1.1097        1.1747    
     1.2403        1.3038        1.3703        1.4303        1.4844    
     1.5350        1.5770        1.6132        1.6402        1.6572    
     1.6642        1.6608        1.6457        1.6250        1.5936    
     1.5569        1.5131        1.4654        1.4138        1.3611    
     1.3087        1.2575        1.2092        1.1658        1.1259    
     1.0916        1.0616        1.0387        1.0217        1.0102    
    0.99994    
