    0.64878E-01   0.64886E-01   0.64909E-01   0.64945E-01   0.64991E-01
    0.65042E-01   0.65092E-01   0.65137E-01   0.65169E-01   0.65183E-01
    0.65172E-01   0.65132E-01   0.65058E-01   0.64949E-01   0.64802E-01
    0.64619E-01   0.64403E-01   0.64158E-01   0.63892E-01   0.63613E-01
    0.63332E-01   0.63061E-01   0.62816E-01   0.62612E-01   0.62466E-01
    0.62396E-01   0.62421E-01   0.62560E-01   0.62829E-01   0.63245E-01
    0.63822E-01   0.64569E-01   0.65492E-01   0.66590E-01   0.67857E-01
    0.69279E-01   0.70834E-01   0.72492E-01   0.74217E-01   0.75964E-01
    0.77682E-01   0.79317E-01   0.80810E-01   0.82103E-01   0.83138E-01
    0.83862E-01   0.84228E-01   0.84196E-01   0.83738E-01   0.82838E-01
    0.81490E-01   0.79705E-01   0.77506E-01   0.74927E-01   0.72016E-01
    0.68831E-01   0.65438E-01   0.61907E-01   0.58316E-01   0.54738E-01
    0.51249E-01
