    0.81696       0.81734       0.81850       0.82038       0.82264    
    0.82502       0.82683       0.82776       0.82706       0.82378    
    0.81725       0.80637       0.79038       0.76851       0.74014    
    0.70528       0.66427       0.61815       0.56821       0.51658    
    0.46541       0.41676       0.37262       0.33414       0.30182    
    0.27539       0.25398       0.23613       0.22039       0.20532    
    0.19018       0.17452       0.15847       0.14254       0.12736    
    0.11353       0.10148       0.91323E-01   0.82889E-01   0.75824E-01
    0.69647E-01   0.63936E-01   0.58388E-01   0.52862E-01   0.47395E-01
    0.42128E-01   0.37262E-01   0.32979E-01   0.29373E-01   0.26443E-01
    0.24088E-01   0.22148E-01   0.20440E-01   0.18809E-01   0.17155E-01
    0.15451E-01   0.13731E-01   0.12072E-01   0.10561E-01   0.92714E-02
    0.82372E-02
