    0.78306       0.78310       0.78336       0.78418       0.78611    
    0.78988       0.79635       0.80636       0.82032       0.84286    
    0.87024       0.90508       0.94882        1.0012        1.0833    
     1.1515        1.2333        1.3420        1.4368        1.5384    
     1.6617        1.7852        1.9311        2.0772        2.2163    
     2.3398        2.4683        2.6154        2.7155        2.8366    
     2.9401        3.0356        3.1398        3.2145        3.2732    
     3.3058        3.3286        3.3412        3.3083        3.2979    
     3.2612        3.2180        3.1577        3.0857        3.0083    
     2.9262        2.8375        2.7500        2.6604        2.5623    
     2.4669        2.3814        2.2929        2.2136        2.1309    
     2.0585        1.9930        1.9329        1.8732        1.8158    
     1.7675    
