    0.64546E-01   0.64553E-01   0.64576E-01   0.64611E-01   0.64656E-01
    0.64705E-01   0.64755E-01   0.64798E-01   0.64829E-01   0.64842E-01
    0.64832E-01   0.64792E-01   0.64720E-01   0.64612E-01   0.64469E-01
    0.64291E-01   0.64081E-01   0.63844E-01   0.63585E-01   0.63316E-01
    0.63045E-01   0.62785E-01   0.62551E-01   0.62358E-01   0.62223E-01
    0.62164E-01   0.62198E-01   0.62344E-01   0.62619E-01   0.63038E-01
    0.63615E-01   0.64358E-01   0.65273E-01   0.66360E-01   0.67613E-01
    0.69016E-01   0.70549E-01   0.72183E-01   0.73882E-01   0.75600E-01
    0.77290E-01   0.78896E-01   0.80362E-01   0.81630E-01   0.82644E-01
    0.83350E-01   0.83703E-01   0.83664E-01   0.83205E-01   0.82308E-01
    0.80970E-01   0.79200E-01   0.77021E-01   0.74466E-01   0.71583E-01
    0.68428E-01   0.65066E-01   0.61568E-01   0.58008E-01   0.54460E-01
    0.50999E-01
