    0.78212       0.78212       0.78227       0.78290       0.78459    
    0.78810       0.79430       0.80420       0.81881       0.83915    
    0.86617       0.90074       0.94360       0.99530        1.0562    
     1.1266        1.2063        1.2951        1.3925        1.4978    
     1.6101        1.7283        1.8510        1.9769        2.1044    
     2.2318        2.3575        2.4798        2.5969        2.7075    
     2.8098        2.9026        2.9845        3.0545        3.1117    
     3.1552        3.1848        3.2000        3.2008        3.1876    
     3.1608        3.1212        3.0698        3.0079        2.9369    
     2.8583        2.7738        2.6851        2.5938        2.5017    
     2.4102        2.3206        2.2342        2.1518        2.0743    
     2.0021        1.9355        1.8745        1.8191        1.7687    
     1.7231    
