    0.70000       0.70016       0.70072       0.70196       0.70433    
    0.70838       0.71482       0.72440       0.73789       0.75608    
    0.77971       0.80942       0.84580       0.88927       0.94014    
    0.99856        1.0645        1.1379        1.2184        1.3055    
     1.3986        1.4968        1.5994        1.7052        1.8131    
     1.9218        2.0302        2.1368        2.2403        2.3393    
     2.4325        2.5185        2.5963        2.6646        2.7224    
     2.7689        2.8034        2.8254        2.8347        2.8313    
     2.8153        2.7874        2.7484        2.6991        2.6409    
     2.5752        2.5034        2.4271        2.3480        2.2675    
     2.1872        2.1083        2.0321        1.9596        1.8914    
     1.8281        1.7701        1.7173        1.6696        1.6268    
     1.5883    
