     1.0064        1.0062        1.0058        1.0048        1.0029    
    0.99949       0.99397       0.98569       0.97392       0.95784    
    0.93683       0.91023       0.87764       0.83882       0.79422    
    0.74425       0.69007       0.63344       0.57599       0.51987    
    0.46699       0.41899       0.37683       0.34093       0.31090    
    0.28583       0.26452       0.24544       0.22743       0.20976    
    0.19202       0.17436       0.15705       0.14086       0.12608    
    0.11310       0.10196       0.92491E-01   0.84340E-01   0.77118E-01
    0.70443E-01   0.64028E-01   0.57765E-01   0.51724E-01   0.46023E-01
    0.40826E-01   0.36263E-01   0.32391E-01   0.29193E-01   0.26549E-01
    0.24297E-01   0.22272E-01   0.20335E-01   0.18408E-01   0.16485E-01
    0.14603E-01   0.12840E-01   0.11271E-01   0.99528E-02   0.89000E-02
    0.80883E-02
