    0.73958E-01   0.73973E-01   0.74016E-01   0.74079E-01   0.74141E-01
    0.74193E-01   0.74351E-01   0.74550E-01   0.74678E-01   0.74688E-01
    0.74734E-01   0.74840E-01   0.74760E-01   0.74592E-01   0.74345E-01
    0.73183E-01   0.73633E-01   0.73061E-01   0.72498E-01   0.71870E-01
    0.71198E-01   0.70552E-01   0.70292E-01   0.69291E-01   0.68714E-01
    0.68317E-01   0.68122E-01   0.68021E-01   0.68343E-01   0.68839E-01
    0.69626E-01   0.70728E-01   0.72253E-01   0.74078E-01   0.76183E-01
    0.78613E-01   0.81296E-01   0.84183E-01   0.87205E-01   0.90206E-01
    0.93180E-01   0.96105E-01   0.98694E-01   0.10095       0.10276    
    0.10405       0.10476       0.10485       0.10425       0.10296    
    0.10100       0.98381E-01   0.95170E-01   0.91441E-01   0.87328E-01
    0.82792E-01   0.78077E-01   0.73245E-01   0.68409E-01   0.63711E-01
    0.59216E-01
