    0.56878       0.56897       0.56957       0.57069       0.57249    
    0.57520       0.57910       0.58451       0.59177       0.60127    
    0.61337       0.62844       0.64684       0.66889       0.69486    
    0.72500       0.75949       0.79846       0.84198       0.89007    
    0.94267       0.99965        1.0608        1.1259        1.1944    
     1.2659        1.3399        1.4154        1.4917        1.5678    
     1.6426        1.7149        1.7834        1.8469        1.9042    
     1.9540        1.9953        2.0272        2.0489        2.0600    
     2.0603        2.0499        2.0291        1.9986        1.9593    
     1.9123        1.8590        1.8008        1.7392        1.6759    
     1.6123        1.5499        1.4900        1.4337        1.3818    
     1.3351        1.2939        1.2584        1.2284        1.2036    
     1.1835    
