    0.71080E-01   0.71089E-01   0.71113E-01   0.71143E-01   0.71154E-01
    0.71154E-01   0.71275E-01   0.71401E-01   0.71467E-01   0.71463E-01
    0.71467E-01   0.71495E-01   0.71400E-01   0.71237E-01   0.71021E-01
    0.70251E-01   0.70386E-01   0.69953E-01   0.69521E-01   0.69032E-01
    0.68518E-01   0.68024E-01   0.67636E-01   0.67058E-01   0.66659E-01
    0.66394E-01   0.66244E-01   0.66202E-01   0.66473E-01   0.66877E-01
    0.67521E-01   0.68397E-01   0.69614E-01   0.71171E-01   0.72725E-01
    0.74663E-01   0.76808E-01   0.79122E-01   0.81534E-01   0.83982E-01
    0.86407E-01   0.88726E-01   0.90849E-01   0.92700E-01   0.94204E-01
    0.95278E-01   0.95893E-01   0.95988E-01   0.95506E-01   0.94451E-01
    0.92809E-01   0.90606E-01   0.87884E-01   0.84702E-01   0.81142E-01
    0.77215E-01   0.73087E-01   0.68821E-01   0.64518E-01   0.60286E-01
    0.56195E-01
