    0.74715E-01   0.74737E-01   0.74803E-01   0.74907E-01   0.75043E-01
    0.75201E-01   0.75369E-01   0.75533E-01   0.75678E-01   0.75789E-01
    0.75851E-01   0.75851E-01   0.75774E-01   0.75613E-01   0.75360E-01
    0.75012E-01   0.74571E-01   0.74043E-01   0.73439E-01   0.72776E-01
    0.72076E-01   0.71366E-01   0.70678E-01   0.70047E-01   0.69515E-01
    0.69122E-01   0.68914E-01   0.68933E-01   0.69221E-01   0.69816E-01
    0.70747E-01   0.72039E-01   0.73702E-01   0.75735E-01   0.78123E-01
    0.80835E-01   0.83823E-01   0.87026E-01   0.90366E-01   0.93754E-01
    0.97090E-01   0.10027       0.10318       0.10572       0.10779    
    0.10929       0.11015       0.11032       0.10976       0.10845    
    0.10641       0.10367       0.10029       0.96336E-01   0.91913E-01
    0.87126E-01   0.82095E-01   0.76942E-01   0.71793E-01   0.66768E-01
    0.61980E-01
