    0.81860       0.81855       0.81856       0.81900       0.82050    
    0.82389       0.83014       0.84033       0.85559       0.87703    
    0.90571       0.94257       0.98841        1.0439        1.1093    
     1.1850        1.2708        1.3665        1.4714        1.5848    
     1.7056        1.8326        1.9642        2.0990        2.2351    
     2.3707        2.5040        2.6331        2.7563        2.8719    
     2.9781        3.0738        3.1574        3.2280        3.2847    
     3.3269        3.3540        3.3660        3.3629        3.3451    
     3.3133        3.2682        3.2111        3.1433        3.0663    
     2.9817        2.8913        2.7968        2.6999        2.6024    
     2.5057        2.4112        2.3201        2.2333        2.1516    
     2.0754        2.0050        1.9405        1.8816        1.8281    
     1.7795    
