    0.61782E-01   0.61788E-01   0.61806E-01   0.61835E-01   0.61871E-01
    0.61911E-01   0.61951E-01   0.61985E-01   0.62009E-01   0.62017E-01
    0.62006E-01   0.61971E-01   0.61910E-01   0.61822E-01   0.61705E-01
    0.61563E-01   0.61397E-01   0.61213E-01   0.61018E-01   0.60818E-01
    0.60625E-01   0.60448E-01   0.60300E-01   0.60195E-01   0.60146E-01
    0.60168E-01   0.60275E-01   0.60483E-01   0.60803E-01   0.61250E-01
    0.61832E-01   0.62555E-01   0.63425E-01   0.64438E-01   0.65587E-01
    0.66861E-01   0.68239E-01   0.69695E-01   0.71199E-01   0.72710E-01
    0.74187E-01   0.75581E-01   0.76844E-01   0.77924E-01   0.78773E-01
    0.79343E-01   0.79595E-01   0.79494E-01   0.79015E-01   0.78142E-01
    0.76871E-01   0.75209E-01   0.73175E-01   0.70799E-01   0.68122E-01
    0.65194E-01   0.62071E-01   0.58818E-01   0.55501E-01   0.52186E-01
    0.48941E-01
