    0.61390E-01   0.61396E-01   0.61414E-01   0.61442E-01   0.61477E-01
    0.61516E-01   0.61554E-01   0.61587E-01   0.61609E-01   0.61617E-01
    0.61606E-01   0.61572E-01   0.61512E-01   0.61426E-01   0.61313E-01
    0.61175E-01   0.61015E-01   0.60838E-01   0.60650E-01   0.60460E-01
    0.60277E-01   0.60111E-01   0.59975E-01   0.59881E-01   0.59844E-01
    0.59876E-01   0.59994E-01   0.60210E-01   0.60537E-01   0.60988E-01
    0.61571E-01   0.62294E-01   0.63158E-01   0.64162E-01   0.65299E-01
    0.66557E-01   0.67915E-01   0.69349E-01   0.70827E-01   0.72312E-01
    0.73761E-01   0.75127E-01   0.76363E-01   0.77418E-01   0.78244E-01
    0.78796E-01   0.79034E-01   0.78924E-01   0.78441E-01   0.77570E-01
    0.76307E-01   0.74658E-01   0.72643E-01   0.70290E-01   0.67640E-01
    0.64742E-01   0.61651E-01   0.58431E-01   0.55146E-01   0.51863E-01
    0.48648E-01
