    0.78756       0.78761       0.78788       0.78871       0.79066    
    0.79446       0.80098       0.81106       0.82510       0.84815    
    0.87549       0.91040       0.95462        1.0075        1.0911    
     1.1588        1.2873        1.3526        1.4464        1.5505    
     1.6751        1.7998        1.9470        2.0945        2.2345    
     2.3594        2.4889        2.6386        2.7377        2.8603    
     2.9638        3.0597        3.1649        3.2379        3.2971    
     3.3295        3.3520        3.3645        3.3305        3.3197    
     3.2831        3.2383        3.1771        3.1042        3.0261    
     2.9431        2.8534        2.7654        2.6751        2.5762    
     2.4813        2.3940        2.3049        2.2250        2.1421    
     2.0689        2.0028        1.9423        1.8821        1.8242    
     1.7754    
