    0.64373       0.64401       0.64493       0.64670       0.64966    
    0.65428       0.66109       0.67069       0.68369       0.70070    
    0.72232       0.74905       0.78135       0.81957       0.86396    
    0.91468       0.97175        1.0351        1.1045        1.1796    
     1.2601        1.3453        1.4345        1.5271        1.6221    
     1.7186        1.8155        1.9117        2.0061        2.0974    
     2.1844        2.2659        2.3407        2.4076        2.4656    
     2.5137        2.5511        2.5772        2.5916        2.5941    
     2.5848        2.5640        2.5324        2.4909        2.4406    
     2.3827        2.3186        2.2499        2.1782        2.1049    
     2.0315        1.9593        1.8896        1.8233        1.7612    
     1.7038        1.6515        1.6043        1.5620        1.5245    
     1.4911    
