    0.92166       0.92184       0.92229       0.92281       0.92304    
    0.92258       0.92079       0.91721       0.91080       0.90091    
    0.88689       0.86785       0.84292       0.81188       0.77460    
    0.73129       0.68277       0.63041       0.57575       0.52110    
    0.46845       0.41972       0.37638       0.33910       0.30795    
    0.28226       0.26099       0.24252       0.22552       0.20899    
    0.19228       0.17536       0.15844       0.14218       0.12709    
    0.11365       0.10205       0.92285E-01   0.84045E-01   0.76919E-01
    0.70446E-01   0.64364E-01   0.58392E-01   0.52529E-01   0.46864E-01
    0.41579E-01   0.36836E-01   0.32760E-01   0.29379E-01   0.26619E-01
    0.24344E-01   0.22375E-01   0.20549E-01   0.18751E-01   0.16930E-01
    0.15099E-01   0.13322E-01   0.11682E-01   0.10255E-01   0.90845E-02
    0.81726E-02
