    0.58811       0.58852       0.58981       0.59214       0.59577    
    0.60103       0.60833       0.61811       0.63083       0.64695    
    0.66690       0.69107       0.71982       0.75340       0.79205    
    0.83588       0.88497       0.93928       0.99873        1.0631    
     1.1322        1.2056        1.2829        1.3636        1.4469    
     1.5323        1.6188        1.7056        1.7916        1.8759    
     1.9572        2.0345        2.1064        2.1720        2.2299    
     2.2792        2.3189        2.3484        2.3670        2.3744    
     2.3706        2.3558        2.3305        2.2955        2.2517    
     2.2003        2.1428        2.0805        2.0150        1.9478    
     1.8804        1.8140        1.7500        1.6893        1.6327    
     1.5808        1.5338        1.4919        1.4549        1.4225    
     1.3941    
