    0.58702E-01   0.58707E-01   0.58721E-01   0.58744E-01   0.58772E-01
    0.58803E-01   0.58834E-01   0.58859E-01   0.58876E-01   0.58880E-01
    0.58868E-01   0.58837E-01   0.58786E-01   0.58714E-01   0.58622E-01
    0.58512E-01   0.58387E-01   0.58252E-01   0.58114E-01   0.57981E-01
    0.57860E-01   0.57762E-01   0.57697E-01   0.57676E-01   0.57711E-01
    0.57814E-01   0.57997E-01   0.58270E-01   0.58644E-01   0.59127E-01
    0.59727E-01   0.60447E-01   0.61288E-01   0.62247E-01   0.63317E-01
    0.64484E-01   0.65731E-01   0.67036E-01   0.68368E-01   0.69695E-01
    0.70980E-01   0.72180E-01   0.73254E-01   0.74158E-01   0.74849E-01
    0.75287E-01   0.75437E-01   0.75269E-01   0.74762E-01   0.73901E-01
    0.72683E-01   0.71114E-01   0.69210E-01   0.66997E-01   0.64512E-01
    0.61797E-01   0.58903E-01   0.55886E-01   0.52806E-01   0.49722E-01
    0.46694E-01
