    0.58198       0.58240       0.58373       0.58612       0.58982    
    0.59516       0.60251       0.61231       0.62501       0.64103    
    0.66081       0.68473       0.71310       0.74621       0.78426    
    0.82738       0.87563       0.92901       0.98742        1.0507    
     1.1186        1.1908        1.2668        1.3462        1.4284    
     1.5126        1.5980        1.6838        1.7690        1.8525    
     1.9333        2.0101        2.0818        2.1471        2.2050    
     2.2544        2.2944        2.3242        2.3432        2.3511    
     2.3479        2.3336        2.3090        2.2746        2.2314    
     2.1807        2.1238        2.0621        1.9972        1.9306    
     1.8638        1.7981        1.7347        1.6745        1.6185    
     1.5671        1.5207        1.4794        1.4430        1.4111    
     1.3833    
