    0.68644E-01   0.68650E-01   0.68665E-01   0.68678E-01   0.68664E-01
    0.68664E-01   0.68771E-01   0.68866E-01   0.68910E-01   0.68904E-01
    0.68900E-01   0.68902E-01   0.68814E-01   0.68669E-01   0.68484E-01
    0.67926E-01   0.67944E-01   0.67587E-01   0.67237E-01   0.66842E-01
    0.66429E-01   0.66040E-01   0.65669E-01   0.65288E-01   0.65002E-01
    0.64821E-01   0.64740E-01   0.64759E-01   0.65034E-01   0.65422E-01
    0.66018E-01   0.66816E-01   0.67881E-01   0.69125E-01   0.70610E-01
    0.72290E-01   0.74156E-01   0.76158E-01   0.78238E-01   0.80357E-01
    0.82459E-01   0.84465E-01   0.86291E-01   0.87894E-01   0.89190E-01
    0.90109E-01   0.90629E-01   0.90685E-01   0.90234E-01   0.89269E-01
    0.87778E-01   0.85778E-01   0.83311E-01   0.80419E-01   0.77170E-01
    0.73585E-01   0.69796E-01   0.65867E-01   0.61889E-01   0.57943E-01
    0.54117E-01
