    0.58940       0.58981       0.59110       0.59344       0.59714    
    0.60259       0.61016       0.61909       0.63208       0.64776    
    0.66601       0.68918       0.71875       0.75554       0.79798    
    0.84187       0.89211       0.94876        1.0103        1.0651    
     1.1442        1.2340        1.3093        1.3904        1.4798    
     1.5708        1.6510        1.7392        1.8285        1.9166    
     2.0007        2.0766        2.1525        2.2132        2.2689    
     2.3185        2.3514        2.3799        2.3947        2.4014    
     2.3927        2.3771        2.3488        2.3141        2.2712    
     2.2201        2.1602        2.0975        2.0303        1.9657    
     1.8982        1.8326        1.7691        1.7099        1.6534    
     1.5978        1.5521        1.5094        1.4715        1.4366    
     1.4086    
