    0.60493E-01   0.60498E-01   0.60515E-01   0.60541E-01   0.60574E-01
    0.60610E-01   0.60645E-01   0.60676E-01   0.60696E-01   0.60703E-01
    0.60691E-01   0.60658E-01   0.60602E-01   0.60521E-01   0.60415E-01
    0.60287E-01   0.60140E-01   0.59978E-01   0.59808E-01   0.59638E-01
    0.59477E-01   0.59335E-01   0.59224E-01   0.59156E-01   0.59144E-01
    0.59201E-01   0.59341E-01   0.59576E-01   0.59920E-01   0.60381E-01
    0.60969E-01   0.61689E-01   0.62544E-01   0.63531E-01   0.64643E-01
    0.65867E-01   0.67184E-01   0.68571E-01   0.69997E-01   0.71425E-01
    0.72815E-01   0.74122E-01   0.75300E-01   0.76301E-01   0.77080E-01
    0.77592E-01   0.77799E-01   0.77669E-01   0.77178E-01   0.76311E-01
    0.75065E-01   0.73445E-01   0.71469E-01   0.69166E-01   0.66574E-01
    0.63740E-01   0.60719E-01   0.57570E-01   0.54356E-01   0.51142E-01
    0.47992E-01
