    0.44594       0.44665       0.44880       0.45243       0.45758    
    0.46436       0.47296       0.48365       0.49638       0.51082    
    0.52737       0.54653       0.56896       0.59470       0.62266    
    0.65496       0.68812       0.72574       0.76440       0.80373    
    0.84839       0.90386       0.96738        1.0262        1.0869    
     1.1486        1.2165        1.2855        1.3568        1.4281    
     1.4976        1.5665        1.6361        1.6932        1.7513    
     1.7994        1.8447        1.8774        1.9025        1.9161    
     1.9207        1.9135        1.8986        1.8756        1.8403    
     1.7997        1.7519        1.6997        1.6455        1.5894    
     1.5331        1.4778        1.4246        1.3748        1.3300    
     1.2892        1.2538        1.2238        1.1998        1.1776    
     1.1609    
