    0.83869       0.83908       0.84017       0.84185       0.84373    
    0.84554       0.84671       0.84676       0.84498       0.84044    
    0.83240       0.81986       0.80210       0.77838       0.74817    
    0.71152       0.66891       0.62141       0.57039       0.51802    
    0.46644       0.41772       0.37365       0.33538       0.30330    
    0.27705       0.25566       0.23769       0.22170       0.20631    
    0.19082       0.17487       0.15860       0.14257       0.12738    
    0.11361       0.10165       0.91576E-01   0.83187E-01   0.76118E-01
    0.69885E-01   0.64095E-01   0.58453E-01   0.52846E-01   0.47327E-01
    0.42045E-01   0.37194E-01   0.32949E-01   0.29389E-01   0.26497E-01
    0.24164E-01   0.22222E-01   0.20492E-01   0.18826E-01   0.17135E-01
    0.15400E-01   0.13662E-01   0.12001E-01   0.10503E-01   0.92349E-02
    0.82256E-02
