    0.80311       0.80317       0.80346       0.80432       0.80633    
    0.81023       0.81689       0.82719       0.84152       0.86621    
    0.89344       0.92881       0.97451        1.0292        1.1178    
     1.1877        1.2782        1.3722        1.4818        1.5918    
     1.7206        1.8496        2.0009        2.1536        2.2959    
     2.4262        2.5593        2.7242        2.8129        2.9400    
     3.0442        3.1417        3.2504        3.3184        3.3789    
     3.4103        3.4319        3.4438        3.4060        3.3938    
     3.3599        3.3073        3.2432        3.1666        3.0864    
     3.0001        2.9073        2.8176        2.7247        2.6230    
     2.5309        2.4366        2.3454        2.2618        2.1799    
     2.1038        2.0360        1.9741        1.9122        1.8524    
     1.8013    
