    0.65016       0.65043       0.65130       0.65300       0.65589    
    0.66044       0.66719       0.67677       0.68981       0.70694    
    0.72877       0.75581       0.78855       0.82734       0.87244    
    0.92401       0.98206        1.0465        1.1171        1.1936    
     1.2754        1.3621        1.4528        1.5468        1.6433    
     1.7411        1.8393        1.9367        2.0320        2.1242    
     2.2119        2.2939        2.3691        2.4362        2.4942    
     2.5421        2.5792        2.6049        2.6187        2.6205    
     2.6105        2.5890        2.5566        2.5143        2.4631    
     2.4043        2.3394        2.2699        2.1974        2.1233    
     2.0492        1.9763        1.9059        1.8389        1.7761    
     1.7180        1.6651        1.6172        1.5744        1.5362    
     1.5022    
