    0.72079       0.72058       0.71993       0.71929       0.72021    
    0.72410       0.73117       0.74148       0.75523       0.76963    
    0.80065       0.83169       0.87381       0.91775       0.97878    
     1.0457        1.1178        1.2024        1.2923        1.3764    
     1.4843        1.5901        1.7170        1.8434        1.9624    
     2.0730        2.1888        2.3192        2.4123        2.5174    
     2.6173        2.7080        2.7855        2.8635        2.9212    
     2.9846        3.0101        3.0192        3.0042        3.0000    
     2.9760        2.9397        2.8961        2.8306        2.7625    
     2.6935        2.6193        2.5373        2.4556        2.3710    
     2.2849        2.2071        2.1261        2.0532        1.9803    
     1.9138        1.8559        1.8013        1.7485        1.6988    
     1.6564    
