    0.66792       0.66825       0.66934       0.67139       0.67479    
    0.68004       0.68768       0.69782       0.70792       0.71404    
    0.74512       0.77267       0.80754       0.85005       0.89971    
    0.96050        1.0237        1.0959        1.1774        1.2445    
     1.3392        1.4335        1.5431        1.6581        1.7805    
     1.8559        1.9596        2.0675        2.1648        2.2620    
     2.3517        2.4401        2.5341        2.6045        2.6420    
     2.6670        2.7552        2.7544        2.7532        2.7535    
     2.7365        2.7081        2.6711        2.6181        2.5593    
     2.5021        2.4328        2.3571        2.2859        2.2112    
     2.1326        2.0587        1.9828        1.9152        1.8504    
     1.7887        1.7365        1.6853        1.6394        1.5958    
     1.5588    
