    0.71927E-01   0.71937E-01   0.71965E-01   0.72002E-01   0.72024E-01
    0.72032E-01   0.72160E-01   0.72302E-01   0.72379E-01   0.72375E-01
    0.72389E-01   0.72431E-01   0.72337E-01   0.72169E-01   0.71943E-01
    0.71074E-01   0.71274E-01   0.70811E-01   0.70346E-01   0.69820E-01
    0.69266E-01   0.68729E-01   0.68356E-01   0.67681E-01   0.67237E-01
    0.66941E-01   0.66767E-01   0.66706E-01   0.66982E-01   0.67402E-01
    0.68075E-01   0.68994E-01   0.70283E-01   0.71883E-01   0.73577E-01
    0.75633E-01   0.77905E-01   0.80356E-01   0.82916E-01   0.85506E-01
    0.88065E-01   0.90511E-01   0.92771E-01   0.94724E-01   0.96310E-01
    0.97444E-01   0.98090E-01   0.98194E-01   0.97690E-01   0.96587E-01
    0.94872E-01   0.92575E-01   0.89738E-01   0.86426E-01   0.82732E-01
    0.78657E-01   0.74384E-01   0.69977E-01   0.65540E-01   0.61188E-01
    0.56993E-01
