    0.61288E-01   0.61294E-01   0.61312E-01   0.61340E-01   0.61375E-01
    0.61413E-01   0.61451E-01   0.61484E-01   0.61506E-01   0.61514E-01
    0.61502E-01   0.61469E-01   0.61409E-01   0.61324E-01   0.61212E-01
    0.61075E-01   0.60916E-01   0.60741E-01   0.60556E-01   0.60368E-01
    0.60187E-01   0.60024E-01   0.59891E-01   0.59800E-01   0.59765E-01
    0.59801E-01   0.59921E-01   0.60139E-01   0.60469E-01   0.60921E-01
    0.61504E-01   0.62227E-01   0.63090E-01   0.64092E-01   0.65227E-01
    0.66480E-01   0.67834E-01   0.69263E-01   0.70736E-01   0.72214E-01
    0.73657E-01   0.75017E-01   0.76246E-01   0.77296E-01   0.78117E-01
    0.78665E-01   0.78899E-01   0.78787E-01   0.78303E-01   0.77433E-01
    0.76172E-01   0.74526E-01   0.72515E-01   0.70168E-01   0.67525E-01
    0.64633E-01   0.61551E-01   0.58338E-01   0.55061E-01   0.51785E-01
    0.48577E-01
