    0.47942       0.48007       0.48202       0.48537       0.49020    
    0.49668       0.50497       0.51527       0.52779       0.54272    
    0.56028       0.58064       0.60399       0.63048       0.66025    
    0.69343       0.73013       0.77043       0.81440       0.86208    
    0.91348       0.96855        1.0272        1.0893        1.1545    
     1.2225        1.2928        1.3648        1.4378        1.5109    
     1.5832        1.6535        1.7207        1.7836        1.8409    
     1.8914        1.9341        1.9679        1.9921        2.0062    
     2.0099        2.0031        1.9863        1.9599        1.9250    
     1.8825        1.8337        1.7802        1.7234        1.6648    
     1.6060        1.5483        1.4930        1.4410        1.3933    
     1.3504        1.3127        1.2801        1.2525        1.2295    
     1.2105    
