    0.60018E-01   0.60016E-01   0.60008E-01   0.60000E-01   0.60016E-01
    0.60068E-01   0.60124E-01   0.60165E-01   0.60182E-01   0.60176E-01
    0.60170E-01   0.60153E-01   0.60099E-01   0.60017E-01   0.59918E-01
    0.59707E-01   0.59645E-01   0.59479E-01   0.59328E-01   0.59169E-01
    0.59016E-01   0.58894E-01   0.58759E-01   0.58724E-01   0.58726E-01
    0.58798E-01   0.58947E-01   0.59178E-01   0.59552E-01   0.60010E-01
    0.60598E-01   0.61321E-01   0.62165E-01   0.63142E-01   0.64241E-01
    0.65446E-01   0.66730E-01   0.68119E-01   0.69527E-01   0.70927E-01
    0.72295E-01   0.73576E-01   0.74720E-01   0.75699E-01   0.76455E-01
    0.76934E-01   0.77140E-01   0.77014E-01   0.76516E-01   0.75644E-01
    0.74408E-01   0.72804E-01   0.70849E-01   0.68575E-01   0.66026E-01
    0.63216E-01   0.60231E-01   0.57120E-01   0.53941E-01   0.50766E-01
    0.47651E-01
