    0.69904       0.69967       0.70151       0.70445       0.70835    
    0.71299       0.71799       0.72289       0.72721       0.73007    
    0.73063       0.72792       0.72087       0.70850       0.68998    
    0.66477       0.63282       0.59464       0.55134       0.50457    
    0.45640       0.40924       0.36513       0.32587       0.29249    
    0.26515       0.24344       0.22600       0.21143       0.19813    
    0.18492       0.17111       0.15649       0.14146       0.12658    
    0.11264       0.10020       0.89610E-01   0.80881E-01   0.73764E-01
    0.67814E-01   0.62534E-01   0.57519E-01   0.52505E-01   0.47416E-01
    0.42341E-01   0.37477E-01   0.33047E-01   0.29212E-01   0.26058E-01
    0.23554E-01   0.21578E-01   0.19949E-01   0.18487E-01   0.17044E-01
    0.15539E-01   0.13962E-01   0.12365E-01   0.10832E-01   0.94532E-02
    0.82970E-02
