    0.74773E-01   0.74797E-01   0.74868E-01   0.74981E-01   0.75128E-01
    0.75300E-01   0.75483E-01   0.75664E-01   0.75826E-01   0.75954E-01
    0.76031E-01   0.76044E-01   0.75978E-01   0.75823E-01   0.75573E-01
    0.75223E-01   0.74775E-01   0.74235E-01   0.73614E-01   0.72929E-01
    0.72203E-01   0.71463E-01   0.70742E-01   0.70075E-01   0.69505E-01
    0.69073E-01   0.68825E-01   0.68804E-01   0.69051E-01   0.69604E-01
    0.70494E-01   0.71742E-01   0.73359E-01   0.75342E-01   0.77674E-01
    0.80323E-01   0.83241E-01   0.86364E-01   0.89614E-01   0.92901E-01
    0.96126E-01   0.99183E-01   0.10197       0.10437       0.10630    
    0.10766       0.10839       0.10843       0.10775       0.10634    
    0.10422       0.10141       0.97992E-01   0.94030E-01   0.89624E-01
    0.84882E-01   0.79921E-01   0.74863E-01   0.69830E-01   0.64939E-01
    0.60299E-01
