    0.68521E-01   0.68532E-01   0.68563E-01   0.68612E-01   0.68675E-01
    0.68745E-01   0.68816E-01   0.68881E-01   0.68930E-01   0.68956E-01
    0.68950E-01   0.68905E-01   0.68816E-01   0.68678E-01   0.68489E-01
    0.68249E-01   0.67960E-01   0.67627E-01   0.67258E-01   0.66863E-01
    0.66455E-01   0.66050E-01   0.65666E-01   0.65324E-01   0.65046E-01
    0.64855E-01   0.64776E-01   0.64834E-01   0.65053E-01   0.65454E-01
    0.66055E-01   0.66871E-01   0.67911E-01   0.69173E-01   0.70653E-01
    0.72332E-01   0.74184E-01   0.76174E-01   0.78255E-01   0.80372E-01
    0.82463E-01   0.84462E-01   0.86298E-01   0.87899E-01   0.89197E-01
    0.90129E-01   0.90639E-01   0.90682E-01   0.90227E-01   0.89256E-01
    0.87766E-01   0.85772E-01   0.83304E-01   0.80407E-01   0.77139E-01
    0.73569E-01   0.69777E-01   0.65846E-01   0.61865E-01   0.57922E-01
    0.54100E-01
