     1.0593        1.0589        1.0577        1.0555        1.0521    
     1.0464        1.0381        1.0264        1.0107       0.99020    
    0.96434       0.93261       0.89485       0.85113       0.80180    
    0.74779       0.69047       0.63156       0.57282       0.51632    
    0.46381       0.41671       0.37559       0.34077       0.31149    
    0.28677       0.26542       0.24593       0.22732       0.20901    
    0.19077       0.17283       0.15549       0.13944       0.12500    
    0.11236       0.10151       0.92232E-01   0.84118E-01   0.76819E-01
    0.69986E-01   0.63395E-01   0.57010E-01   0.50919E-01   0.45252E-01
    0.40155E-01   0.35742E-01   0.32020E-01   0.28941E-01   0.26353E-01
    0.24100E-01   0.22025E-01   0.20021E-01   0.18029E-01   0.16064E-01
    0.14182E-01   0.12460E-01   0.10967E-01   0.97305E-02   0.87581E-02
    0.80074E-02
