    0.62136E-01   0.62134E-01   0.62127E-01   0.62106E-01   0.62096E-01
    0.62148E-01   0.62218E-01   0.62268E-01   0.62289E-01   0.62283E-01
    0.62277E-01   0.62262E-01   0.62201E-01   0.62105E-01   0.61990E-01
    0.61726E-01   0.61663E-01   0.61460E-01   0.61269E-01   0.61064E-01
    0.60859E-01   0.60683E-01   0.60488E-01   0.60394E-01   0.60336E-01
    0.60353E-01   0.60450E-01   0.60632E-01   0.60976E-01   0.61409E-01
    0.61987E-01   0.62713E-01   0.63581E-01   0.64597E-01   0.65756E-01
    0.67039E-01   0.68403E-01   0.69920E-01   0.71446E-01   0.72979E-01
    0.74484E-01   0.75903E-01   0.77179E-01   0.78282E-01   0.79147E-01
    0.79719E-01   0.79995E-01   0.79910E-01   0.79435E-01   0.78551E-01
    0.77274E-01   0.75608E-01   0.73560E-01   0.71171E-01   0.68489E-01
    0.65528E-01   0.62385E-01   0.59108E-01   0.55764E-01   0.52430E-01
    0.49165E-01
