    0.95398       0.95405       0.95420       0.95421       0.95368    
    0.95216       0.94904       0.94369       0.93539       0.92331    
    0.90672       0.88485       0.85710       0.82314       0.78306    
    0.73719       0.68644       0.63234       0.57652       0.52119    
    0.46835       0.41981       0.37687       0.34005       0.30932    
    0.28389       0.26257       0.24394       0.22652       0.20953    
    0.19241       0.17517       0.15806       0.14179       0.12680    
    0.11352       0.10209       0.92437E-01   0.84233E-01   0.77079E-01
    0.70566E-01   0.64313E-01   0.58227E-01   0.52282E-01   0.46592E-01
    0.41329E-01   0.36648E-01   0.32644E-01   0.29335E-01   0.26621E-01
    0.24363E-01   0.22371E-01   0.20504E-01   0.18655E-01   0.16790E-01
    0.14933E-01   0.13155E-01   0.11536E-01   0.10146E-01   0.90189E-02
    0.81455E-02
