    0.80368       0.80366       0.80372       0.80423       0.80580    
    0.80923       0.81546       0.82552       0.84051       0.86149    
    0.88948       0.92540       0.97002        1.0239        1.0876    
     1.1610        1.2444        1.3372        1.4391        1.5492    
     1.6665        1.7899        1.9180        2.0491        2.1817    
     2.3140        2.4442        2.5705        2.6913        2.8048    
     2.9094        3.0039        3.0869        3.1572        3.2141    
     3.2569        3.2850        3.2983        3.2968        3.2809    
     3.2511        3.2083        3.1536        3.0882        3.0136    
     2.9315        2.8435        2.7514        2.6569        2.5616    
     2.4670        2.3745        2.2853        2.2004        2.1204    
     2.0458        1.9770        1.9139        1.8564        1.8042    
     1.7568    
