    0.51103       0.51161       0.51339       0.51646       0.52097    
    0.52712       0.53514       0.54528       0.55783       0.57305    
    0.59120       0.61252       0.63723       0.66552       0.69754    
    0.73343       0.77327       0.81713       0.86504       0.91697    
    0.97286        1.0326        1.0960        1.1628        1.2326    
     1.3050        1.3795        1.4552        1.5316        1.6076    
     1.6822        1.7543        1.8228        1.8864        1.9440    
     1.9943        2.0363        2.0692        2.0921        2.1047    
     2.1067        2.0981        2.0793        2.0509        2.0139    
     1.9694        1.9186        1.8630        1.8041        1.7435    
     1.6826        1.6227        1.5652        1.5110        1.4609    
     1.4156        1.3754        1.3402        1.3100        1.2844    
     1.2628    
