    0.65987       0.66012       0.66093       0.66254       0.66532    
    0.66977       0.67646       0.68603       0.69915       0.71648    
    0.73864       0.76619       0.79962       0.83930       0.88550    
    0.93837       0.99794        1.0641        1.1366        1.2151    
     1.2991        1.3879        1.4809        1.5772        1.6758    
     1.7758        1.8759        1.9750        2.0719        2.1654    
     2.2542        2.3370        2.4126        2.4800        2.5380    
     2.5857        2.6223        2.6473        2.6602        2.6611    
     2.6500        2.6273        2.5937        2.5500        2.4975    
     2.4375        2.3713        2.3006        2.2268        2.1515    
     2.0762        2.0022        1.9307        1.8626        1.7988    
     1.7398        1.6858        1.6370        1.5932        1.5542    
     1.5193    
