    0.72601       0.72612       0.72653       0.72755       0.72967    
    0.73351       0.73982       0.74944       0.76323       0.78204    
    0.80669       0.83788       0.87625       0.92227       0.97627    
     1.0384        1.1087        1.1869        1.2727        1.3655    
     1.4646        1.5692        1.6781        1.7902        1.9042    
     2.0189        2.1327        2.2443        2.3521        2.4547    
     2.5508        2.6391        2.7182        2.7870        2.8447    
     2.8904        2.9234        2.9433        2.9500        2.9435    
     2.9243        2.8928        2.8500        2.7969        2.7347    
     2.6651        2.5894        2.5093        2.4265        2.3424    
     2.2586        2.1765        2.0971        2.0215        1.9504    
     1.8843        1.8236        1.7682        1.7180        1.6728    
     1.6320    
