    0.98815       0.98810       0.98787       0.98724       0.98586    
    0.98313       0.97848       0.97128       0.96074       0.94610    
    0.92666       0.90170       0.87086       0.83377       0.79073    
    0.74218       0.68911       0.63335       0.57645       0.52056    
    0.46764       0.41942       0.37696       0.34073       0.31045    
    0.28526       0.26397       0.24505       0.22722       0.20978    
    0.19224       0.17472       0.15745       0.14123       0.12637    
    0.11327       0.10203       0.92503E-01   0.84333E-01   0.77138E-01
    0.70518E-01   0.64168E-01   0.57953E-01   0.51942E-01   0.46241E-01
    0.41016E-01   0.36409E-01   0.32489E-01   0.29251E-01   0.26586E-01
    0.24331E-01   0.22321E-01   0.20408E-01   0.18507E-01   0.16602E-01
    0.14726E-01   0.12956E-01   0.11368E-01   0.10023E-01   0.89434E-02
    0.81104E-02
