    0.59860       0.59900       0.60025       0.60254       0.60620    
    0.61162       0.61901       0.62809       0.64119       0.65635    
    0.67470       0.69857       0.72920       0.76681       0.81020    
    0.85545       0.90684       0.96527        1.0288        1.0851    
     1.2339        1.2570        1.3362        1.4199        1.5116    
     1.6072        1.6863        1.7758        1.8668        1.9545    
     2.0412        2.1185        2.1932        2.2549        2.3104    
     2.3600        2.3924        2.4205        2.4342        2.4399    
     2.4300        2.4134        2.3840        2.3480        2.3035    
     2.2514        2.1908        2.1272        2.0594        1.9934    
     1.9249        1.8583        1.7938        1.7338        1.6764    
     1.6186        1.5731        1.5294        1.4905        1.4548    
     1.4259    
