    0.53997       0.54023       0.54105       0.54250       0.54472    
    0.54790       0.55228       0.55810       0.56568       0.57531    
    0.58731       0.60200       0.61969       0.64065       0.66514    
    0.69340       0.72560       0.76190       0.80240       0.84717    
    0.89620       0.94945        1.0068        1.0680        1.1328    
     1.2007        1.2712        1.3437        1.4173        1.4910    
     1.5639        1.6348        1.7024        1.7653        1.8225    
     1.8726        1.9145        1.9472        1.9701        1.9825    
     1.9842        1.9753        1.9560        1.9271        1.8893    
     1.8438        1.7920        1.7352        1.6751        1.6132    
     1.5511        1.4902        1.4319        1.3772        1.3271    
     1.2822        1.2430        1.2094        1.1815        1.1589    
     1.1409    
