    0.92754       0.92770       0.92810       0.92853       0.92862    
    0.92798       0.92596       0.92201       0.91533       0.90504    
    0.89057       0.87101       0.84558       0.81401       0.77622    
    0.73244       0.68352       0.63083       0.57595       0.52116    
    0.46847       0.41976       0.37650       0.33929       0.30822    
    0.28258       0.26130       0.24278       0.22572       0.20911    
    0.19233       0.17535       0.15838       0.14212       0.12704    
    0.11363       0.10206       0.92318E-01   0.84088E-01   0.76955E-01
    0.70472E-01   0.64362E-01   0.58368E-01   0.52489E-01   0.46819E-01
    0.41536E-01   0.36804E-01   0.32741E-01   0.29373E-01   0.26622E-01
    0.24350E-01   0.22377E-01   0.20544E-01   0.18737E-01   0.16908E-01
    0.15071E-01   0.13293E-01   0.11657E-01   0.10236E-01   0.90729E-02
    0.81681E-02
