    0.33180       0.33263       0.33513       0.33944       0.34628    
    0.35370       0.36079       0.37086       0.38113       0.39315    
    0.40633       0.42156       0.43736       0.45588       0.47664    
    0.49780       0.52076       0.54636       0.57482       0.60600    
    0.64088       0.68295       0.72155       0.76621       0.81596    
    0.87022       0.92729       0.98907        1.0492        1.1147    
     1.1801        1.2448        1.3112        1.3741        1.4312    
     1.4855        1.5308        1.5699        1.5996        1.6202    
     1.6307        1.6308        1.6247        1.6004        1.5716    
     1.5358        1.4926        1.4453        1.3936        1.3401    
     1.2866        1.2337        1.1835        1.1379        1.0958    
     1.0586        1.0281        1.0039       0.98558       0.97274    
    0.96358    
