    0.59051       0.59123       0.59337       0.59692       0.60179    
    0.60787       0.61493       0.62261       0.63047       0.63778    
    0.64374       0.64743       0.64769       0.64340       0.63359    
    0.61730       0.59414       0.56411       0.52798       0.48700    
    0.44311       0.39843       0.35537       0.31606       0.28195    
    0.25378       0.23150       0.21418       0.20044       0.18865    
    0.17735       0.16553       0.15270       0.13896       0.12487    
    0.11116       0.98553E-01   0.87616E-01   0.78559E-01   0.71280E-01
    0.65425E-01   0.60476E-01   0.55966E-01   0.51505E-01   0.46906E-01
    0.42174E-01   0.37463E-01   0.33000E-01   0.29008E-01   0.25646E-01
    0.22955E-01   0.20873E-01   0.19249E-01   0.17897E-01   0.16638E-01
    0.15345E-01   0.13957E-01   0.12489E-01   0.11007E-01   0.96028E-02
    0.83646E-02
