    0.77251       0.77255       0.77278       0.77356       0.77543    
    0.77914       0.78551       0.79539       0.80918       0.83040    
    0.85806       0.89271       0.93527       0.98637        1.0649    
     1.1335        1.2146        1.3157        1.4137        1.5101    
     1.6302        1.7507        1.8886        2.0359        2.1721    
     2.2929        2.4189        2.5610        2.6623        2.7797    
     2.8834        2.9778        3.0810        3.1579        3.2161    
     3.2490        3.2723        3.2851        3.2549        3.2456    
     3.2129        3.1692        3.1114        3.0415        2.9656    
     2.8857        2.7994        2.7129        2.6251        2.5290    
     2.4330        2.3511        2.2641        2.1860        2.1041    
     2.0336        1.9694        1.9103        1.8518        1.7958    
     1.7485    
