    0.62289E-01   0.62296E-01   0.62315E-01   0.62345E-01   0.62382E-01
    0.62424E-01   0.62465E-01   0.62501E-01   0.62526E-01   0.62535E-01
    0.62524E-01   0.62488E-01   0.62425E-01   0.62333E-01   0.62212E-01
    0.62064E-01   0.61891E-01   0.61698E-01   0.61492E-01   0.61280E-01
    0.61074E-01   0.60883E-01   0.60720E-01   0.60600E-01   0.60536E-01
    0.60544E-01   0.60638E-01   0.60835E-01   0.61147E-01   0.61588E-01
    0.62167E-01   0.62894E-01   0.63769E-01   0.64794E-01   0.65959E-01
    0.67254E-01   0.68657E-01   0.70142E-01   0.71678E-01   0.73224E-01
    0.74736E-01   0.76165E-01   0.77462E-01   0.78574E-01   0.79451E-01
    0.80045E-01   0.80315E-01   0.80225E-01   0.79750E-01   0.78874E-01
    0.77592E-01   0.75912E-01   0.73854E-01   0.71448E-01   0.68736E-01
    0.65770E-01   0.62606E-01   0.59311E-01   0.55952E-01   0.52597E-01
    0.49314E-01
