    0.65379E-01   0.65382E-01   0.65384E-01   0.65374E-01   0.65340E-01
    0.65369E-01   0.65460E-01   0.65528E-01   0.65558E-01   0.65552E-01
    0.65545E-01   0.65534E-01   0.65460E-01   0.65341E-01   0.65194E-01
    0.64818E-01   0.64771E-01   0.64499E-01   0.64238E-01   0.63948E-01
    0.63650E-01   0.63378E-01   0.63088E-01   0.62878E-01   0.62716E-01
    0.62640E-01   0.62652E-01   0.62757E-01   0.63058E-01   0.63459E-01
    0.64033E-01   0.64779E-01   0.65715E-01   0.66820E-01   0.68107E-01
    0.69550E-01   0.71140E-01   0.72841E-01   0.74599E-01   0.76384E-01
    0.78147E-01   0.79821E-01   0.81338E-01   0.82665E-01   0.83725E-01
    0.84457E-01   0.84850E-01   0.84836E-01   0.84385E-01   0.83482E-01
    0.82122E-01   0.80312E-01   0.78089E-01   0.75485E-01   0.72557E-01
    0.69323E-01   0.65894E-01   0.62326E-01   0.58692E-01   0.55084E-01
    0.51562E-01
