    0.67570       0.67604       0.67715       0.67926       0.68278    
    0.68826       0.69622       0.70576       0.71318       0.72117    
    0.75385       0.78157       0.81702       0.86024       0.91169    
    0.97349        1.0381        1.1123        1.1948        1.2648    
     1.3616        1.4577        1.5704        1.6883        1.7431    
     1.8906        1.9946        2.1080        2.2035        2.3015    
     2.3934        2.4822        2.5770        2.6445        2.6817    
     2.7294        2.7940        2.7956        2.7923        2.7921    
     2.7740        2.7443        2.7059        2.6514        2.5911    
     2.5322        2.4622        2.3851        2.3120        2.2351    
     2.1567        2.0819        2.0053        1.9399        1.8709    
     1.8085        1.7551        1.7035        1.6565        1.6119    
     1.5741    
