    0.95019       0.95028       0.95047       0.95054       0.95009    
    0.94870       0.94574       0.94059       0.93253       0.92073    
    0.90444       0.88291       0.85549       0.82188       0.78213    
    0.73655       0.68606       0.63216       0.57647       0.52121    
    0.46839       0.41982       0.37683       0.33995       0.30918    
    0.28372       0.26239       0.24378       0.22642       0.20949    
    0.19241       0.17521       0.15811       0.14184       0.12684    
    0.11354       0.10209       0.92424E-01   0.84215E-01   0.77065E-01
    0.70566E-01   0.64324E-01   0.58251E-01   0.52315E-01   0.46627E-01
    0.41361E-01   0.36671E-01   0.32658E-01   0.29342E-01   0.26623E-01
    0.24362E-01   0.22374E-01   0.20511E-01   0.18668E-01   0.16808E-01
    0.14954E-01   0.13176E-01   0.11554E-01   0.10159E-01   0.90269E-02
    0.81490E-02
