    0.65155       0.65189       0.65299       0.65506       0.65842    
    0.66352       0.67085       0.68082       0.69305       0.70094    
    0.72819       0.75501       0.78881       0.83671       0.87635    
    0.93593       0.99647        1.0656        1.1457        1.2073    
     1.2982        1.3895        1.4929        1.6017        1.7058    
     1.7926        1.8954        1.9989        2.0945        2.1925    
     2.2760        2.3642        2.4574        2.5307        2.5681    
     2.5922        2.6864        2.6797        2.6816        2.6830    
     2.6677        2.6421        2.6071        2.5568        2.5004    
     2.4454        2.3780        2.3046        2.2409        2.1653    
     2.0872        2.0122        1.9404        1.8739        1.8113    
     1.7512        1.7013        1.6504        1.6068        1.5648    
     1.5294    
