    0.35425       0.35507       0.35755       0.36168       0.36745    
    0.37488       0.38395       0.39467       0.40706       0.42114    
    0.43694       0.45450       0.47389       0.49517       0.51847    
    0.54389       0.57158       0.60172       0.63449       0.67009    
    0.70872       0.75057       0.79577       0.84443       0.89655    
    0.95202        1.0106        1.0719        1.1354        1.2003    
     1.2657        1.3306        1.3938        1.4540        1.5098    
     1.5600        1.6034        1.6388        1.6654        1.6825    
     1.6897        1.6868        1.6742        1.6523        1.6220    
     1.5843        1.5405        1.4921        1.4406        1.3876    
     1.3347        1.2832        1.2345        1.1896        1.1495    
     1.1145        1.0852        1.0614        1.0429        1.0293    
     1.0199    
