    0.31058       0.31134       0.31357       0.31716       0.32185    
    0.33119       0.34065       0.34922       0.35906       0.37181    
    0.38573       0.39921       0.41529       0.43331       0.45317    
    0.47366       0.49571       0.52063       0.54827       0.57827    
    0.61146       0.64419       0.68715       0.73242       0.78100    
    0.83399       0.88941       0.94902        1.0097        1.0750    
     1.1392        1.2039        1.2691        1.3316        1.3891    
     1.4426        1.4883        1.5302        1.5577        1.5784    
     1.5892        1.5895        1.5815        1.5594        1.5309    
     1.4951        1.4523        1.4048        1.3535        1.3004    
     1.2468        1.1947        1.1450        1.1000        1.0585    
     1.0226       0.99299       0.96949       0.95242       0.94058    
    0.93321    
