    0.66583       0.66606       0.66684       0.66839       0.67111    
    0.67549       0.68214       0.69170       0.70487       0.72232    
    0.74469       0.77256       0.80641       0.84665       0.89353    
    0.94722        1.0077        1.0749        1.1486        1.2284    
     1.3137        1.4039        1.4983        1.5960        1.6960    
     1.7972        1.8986        1.9988        2.0967        2.1910    
     2.2804        2.3637        2.4397        2.5072        2.5651    
     2.6127        2.6490        2.6735        2.6860        2.6862    
     2.6744        2.6510        2.6166        2.5721        2.5188    
     2.4579        2.3910        2.3194        2.2448        2.1688    
     2.0928        2.0181        1.9459        1.8772        1.8127    
     1.7530        1.6985        1.6491        1.6047        1.5651    
     1.5297    
