    0.44269E-01   0.44277E-01   0.44301E-01   0.44339E-01   0.44388E-01
    0.44443E-01   0.44499E-01   0.44551E-01   0.44592E-01   0.44616E-01
    0.44617E-01   0.44589E-01   0.44529E-01   0.44433E-01   0.44300E-01
    0.44129E-01   0.43922E-01   0.43684E-01   0.43421E-01   0.43141E-01
    0.42857E-01   0.42580E-01   0.42327E-01   0.42115E-01   0.41965E-01
    0.41897E-01   0.41935E-01   0.42100E-01   0.42416E-01   0.42905E-01
    0.43584E-01   0.44468E-01   0.45569E-01   0.46888E-01   0.48423E-01
    0.50160E-01   0.52078E-01   0.54146E-01   0.56324E-01   0.58562E-01
    0.60804E-01   0.62988E-01   0.65050E-01   0.66922E-01   0.68541E-01
    0.69844E-01   0.70779E-01   0.71302E-01   0.71380E-01   0.70993E-01
    0.70138E-01   0.68825E-01   0.67077E-01   0.64934E-01   0.62447E-01
    0.59679E-01   0.56699E-01   0.53584E-01   0.50412E-01   0.47263E-01
    0.44212E-01
