    0.87156       0.87187       0.87274       0.87392       0.87520    
    0.87616       0.87624       0.87490       0.87145       0.86485    
    0.85454       0.83956       0.81898       0.79243       0.75940    
    0.72009       0.67512       0.62565       0.57307       0.51970    
    0.46759       0.41880       0.37494       0.33704       0.30532    
    0.27930       0.25796       0.23980       0.22351       0.20758    
    0.19159       0.17523       0.15868       0.14251       0.12734    
    0.11368       0.10186       0.91921E-01   0.83580E-01   0.76496E-01
    0.70183E-01   0.64266E-01   0.58495E-01   0.52771E-01   0.47183E-01
    0.41889E-01   0.37073E-01   0.32890E-01   0.29400E-01   0.26564E-01
    0.24256E-01   0.22308E-01   0.20542E-01   0.18824E-01   0.17079E-01
    0.15301E-01   0.13542E-01   0.11884E-01   0.10410E-01   0.91781E-02
    0.82068E-02
