    0.46081       0.46124       0.46256       0.46480       0.46803    
    0.47234       0.47785       0.48470       0.49304       0.50304    
    0.51489       0.52877       0.54490       0.56347       0.58468    
    0.60874       0.63584       0.66619       0.69995       0.73730    
    0.77837       0.82328       0.87205       0.92467       0.98101    
     1.0408        1.1038        1.1694        1.2369        1.3054    
     1.3741        1.4417        1.5070        1.5688        1.6255    
     1.6761        1.7191        1.7536        1.7787        1.7937    
     1.7982        1.7922        1.7759        1.7499        1.7150    
     1.6724        1.6233        1.5694        1.5121        1.4531    
     1.3941        1.3364        1.2816        1.2306        1.1846    
     1.1441        1.1096        1.0810        1.0584        1.0412    
     1.0288    
