    0.70414       0.70429       0.70483       0.70604       0.70836    
    0.71238       0.71880       0.72838       0.74192       0.76021    
    0.78400       0.81396       0.85065       0.89453       0.94591    
     1.0049        1.0716        1.1458        1.2271        1.3151    
     1.4092        1.5084        1.6120        1.7188        1.8277    
     1.9374        2.0467        2.1541        2.2583        2.3578    
     2.4515        2.5379        2.6159        2.6843        2.7421    
     2.7885        2.8228        2.8444        2.8533        2.8494    
     2.8329        2.8045        2.7648        2.7149        2.6561    
     2.5898        2.5173        2.4405        2.3607        2.2797    
     2.1988        2.1194        2.0427        1.9697        1.9010    
     1.8373        1.7788        1.7256        1.6775        1.6343    
     1.5955    
