    0.65696       0.65730       0.65839       0.66044       0.66380    
    0.66890       0.67627       0.68627       0.69822       0.70541    
    0.73385       0.76099       0.79519       0.84544       0.88423    
    0.94426        1.0057        1.0760        1.1567        1.2197    
     1.3120        1.4043        1.5099        1.6215        1.7282    
     1.8138        1.9169        2.0215        2.1179        2.2151    
     2.3013        2.3894        2.4848        2.5534        2.5927    
     2.6136        2.7093        2.7043        2.7053        2.7062    
     2.6904        2.6639        2.6281        2.5769        2.5197    
     2.4638        2.3959        2.3218        2.2545        2.1811    
     2.1020        2.0270        1.9542        1.8873        1.8241    
     1.7634        1.7127        1.6617        1.6174        1.5749    
     1.5390    
