    0.53349       0.53376       0.53462       0.53614       0.53846    
    0.54174       0.54622       0.55214       0.55978       0.56944    
    0.58142       0.59603       0.61356       0.63428       0.65846    
    0.68631       0.71802       0.75375       0.79360       0.83766    
    0.88593       0.93838       0.99489        1.0553        1.1192    
     1.1864        1.2562        1.3280        1.4010        1.4743    
     1.5468        1.6173        1.6847        1.7476        1.8047    
     1.8548        1.8968        1.9298        1.9528        1.9655    
     1.9675        1.9589        1.9400        1.9113        1.8739    
     1.8287        1.7771        1.7207        1.6609        1.5993    
     1.5375        1.4769        1.4189        1.3646        1.3149    
     1.2704        1.2315        1.1984        1.1710        1.1488    
     1.1314    
