    0.50496       0.50531       0.50636       0.50818       0.51088    
    0.51460       0.51951       0.52582       0.53376       0.54356    
    0.55548       0.56978       0.58672       0.60652       0.62944    
    0.65567       0.68542       0.71885       0.75611       0.79731    
    0.84251       0.89173       0.94494        1.0020        1.0627    
     1.1267        1.1936        1.2628        1.3334        1.4047    
     1.4755        1.5448        1.6113        1.6737        1.7307    
     1.7810        1.8235        1.8572        1.8811        1.8948    
     1.8980        1.8905        1.8728        1.8454        1.8091    
     1.7651        1.7147        1.6594        1.6007        1.5403    
     1.4797        1.4204        1.3637        1.3109        1.2627    
     1.2199        1.1828        1.1515        1.1260        1.1059    
     1.0904    
