    0.42693E-01   0.42698E-01   0.42713E-01   0.42735E-01   0.42763E-01
    0.42794E-01   0.42825E-01   0.42850E-01   0.42866E-01   0.42868E-01
    0.42854E-01   0.42820E-01   0.42763E-01   0.42681E-01   0.42576E-01
    0.42447E-01   0.42298E-01   0.42131E-01   0.41954E-01   0.41772E-01
    0.41595E-01   0.41431E-01   0.41294E-01   0.41194E-01   0.41147E-01
    0.41166E-01   0.41267E-01   0.41466E-01   0.41778E-01   0.42217E-01
    0.42795E-01   0.43522E-01   0.44405E-01   0.45446E-01   0.46641E-01
    0.47981E-01   0.49451E-01   0.51028E-01   0.52682E-01   0.54378E-01
    0.56074E-01   0.57724E-01   0.59280E-01   0.60690E-01   0.61906E-01
    0.62879E-01   0.63568E-01   0.63936E-01   0.63956E-01   0.63610E-01
    0.62891E-01   0.61803E-01   0.60362E-01   0.58595E-01   0.56539E-01
    0.54240E-01   0.51753E-01   0.49137E-01   0.46453E-01   0.43766E-01
    0.41137E-01
