    0.72662E-01   0.72674E-01   0.72706E-01   0.72750E-01   0.72785E-01
    0.72810E-01   0.72944E-01   0.73101E-01   0.73191E-01   0.73188E-01
    0.73212E-01   0.73269E-01   0.73176E-01   0.73006E-01   0.72771E-01
    0.71806E-01   0.72075E-01   0.71583E-01   0.71087E-01   0.70527E-01
    0.69934E-01   0.69362E-01   0.69013E-01   0.68241E-01   0.67754E-01
    0.67431E-01   0.67239E-01   0.67162E-01   0.67447E-01   0.67886E-01
    0.68590E-01   0.69559E-01   0.70918E-01   0.72568E-01   0.74395E-01
    0.76566E-01   0.78962E-01   0.81547E-01   0.84250E-01   0.86976E-01
    0.89650E-01   0.92184E-01   0.94614E-01   0.96662E-01   0.98323E-01
    0.99509E-01   0.10018       0.10029       0.99758E-01   0.98604E-01
    0.96816E-01   0.94425E-01   0.91475E-01   0.88036E-01   0.84213E-01
    0.79996E-01   0.75585E-01   0.71044E-01   0.66479E-01   0.62020E-01
    0.57725E-01
