    0.83927       0.83966       0.84075       0.84242       0.84429    
    0.84609       0.84724       0.84727       0.84545       0.84088    
    0.83281       0.82022       0.80241       0.77864       0.74837    
    0.71169       0.66903       0.62149       0.57044       0.51805    
    0.46647       0.41774       0.37367       0.33541       0.30333    
    0.27710       0.25570       0.23773       0.22173       0.20634    
    0.19083       0.17488       0.15860       0.14257       0.12738    
    0.11361       0.10165       0.91582E-01   0.83195E-01   0.76125E-01
    0.69891E-01   0.64099E-01   0.58455E-01   0.52845E-01   0.47325E-01
    0.42043E-01   0.37192E-01   0.32948E-01   0.29389E-01   0.26498E-01
    0.24166E-01   0.22223E-01   0.20493E-01   0.18827E-01   0.17135E-01
    0.15398E-01   0.13660E-01   0.11999E-01   0.10501E-01   0.92339E-02
    0.82252E-02
