    0.45872       0.45939       0.46142       0.46485       0.46979    
    0.47638       0.48485       0.49546       0.50828       0.52263    
    0.53967       0.55937       0.58248       0.60903       0.63810    
    0.67141       0.70584       0.74482       0.78482       0.82346    
    0.87208       0.93227       0.99667        1.0559        1.1197    
     1.1814        1.2504        1.3210        1.3934        1.4654    
     1.5362        1.6058        1.6751        1.7338        1.7914    
     1.8387        1.8840        1.9164        1.9410        1.9530    
     1.9582        1.9499        1.9346        1.9110        1.8749    
     1.8337        1.7854        1.7324        1.6776        1.6208    
     1.5638        1.5077        1.4538        1.4032        1.3580    
     1.3160        1.2795        1.2482        1.2224        1.2000    
     1.1832    
