    0.42979       0.43053       0.43274       0.43647       0.44178    
    0.44875       0.45746       0.46804       0.48059       0.49527    
    0.51218       0.53147       0.55327       0.57771       0.60491    
    0.63499       0.66808       0.70428       0.74370       0.78644    
    0.83257       0.88214       0.93515       0.99153        1.0511    
     1.1137        1.1789        1.2462        1.3149        1.3843    
     1.4533        1.5210        1.5860        1.6473        1.7035    
     1.7534        1.7960        1.8301        1.8551        1.8703    
     1.8754        1.8705        1.8557        1.8316        1.7991    
     1.7593        1.7133        1.6627        1.6089        1.5533    
     1.4976        1.4431        1.3909        1.3423        1.2980    
     1.2585        1.2242        1.1952        1.1712        1.1519    
     1.1366    
