    0.69217       0.69257       0.69386       0.69646       0.70120    
    0.70978       0.71746       0.71315       0.72543       0.73756    
    0.77203       0.79951       0.83561       0.88066       0.93536    
    0.99888        1.0661        1.1437        1.2287        1.3037    
     1.4044        1.5039        1.6218        1.7409        1.8408    
     1.9549        2.0617        2.1867        2.2765        2.3766    
     2.4719        2.5612        2.6525        2.7234        2.7547    
     2.8371        2.8687        2.8738        2.8654        2.8652    
     2.8451        2.8135        2.7725        2.7147        2.6513    
     2.5895        2.5182        2.4392        2.3627        2.2829    
     2.2028        2.1264        2.0485        1.9784        1.9104    
     1.8468        1.7913        1.7389        1.6896        1.6431    
     1.6038    
