    0.40592       0.40669       0.40900       0.41288       0.41837    
    0.42551       0.43437       0.44502       0.45755       0.47204    
    0.48859       0.50731       0.52829       0.55165       0.57751    
    0.60597       0.63719       0.67127       0.70837       0.74860    
    0.79210       0.83895       0.88922       0.94288       0.99985    
     1.0599        1.1228        1.1880        1.2549        1.3226    
     1.3904        1.4571        1.5215        1.5824        1.6385    
     1.6886        1.7314        1.7661        1.7917        1.8076    
     1.8136        1.8094        1.7955        1.7723        1.7407    
     1.7017        1.6566        1.6068        1.5539        1.4993    
     1.4446        1.3911        1.3402        1.2929        1.2499    
     1.2120        1.1793        1.1520        1.1298        1.1123    
     1.0989    
