    0.57000       0.57019       0.57078       0.57189       0.57367    
    0.57636       0.58024       0.58563       0.59288       0.60237    
    0.61448       0.62958       0.64801       0.67011       0.69616    
    0.72639       0.76099       0.80009       0.84376       0.89201    
    0.94478        1.0019        1.0633        1.1285        1.1972    
     1.2690        1.3430        1.4187        1.4952        1.5714    
     1.6463        1.7186        1.7872        1.8507        1.9080    
     1.9578        1.9990        2.0309        2.0525        2.0636    
     2.0638        2.0533        2.0325        2.0019        1.9625    
     1.9154        1.8620        1.8038        1.7421        1.6787    
     1.6151        1.5526        1.4926        1.4362        1.3843    
     1.3375        1.2962        1.2606        1.2305        1.2057    
     1.1854    
