    0.70161E-01   0.70169E-01   0.70188E-01   0.70211E-01   0.70210E-01
    0.70210E-01   0.70326E-01   0.70438E-01   0.70494E-01   0.70487E-01
    0.70489E-01   0.70504E-01   0.70411E-01   0.70254E-01   0.70050E-01
    0.69370E-01   0.69450E-01   0.69047E-01   0.68648E-01   0.68196E-01
    0.67722E-01   0.67270E-01   0.66882E-01   0.66387E-01   0.66033E-01
    0.65800E-01   0.65676E-01   0.65656E-01   0.65927E-01   0.66321E-01
    0.66943E-01   0.67783E-01   0.68937E-01   0.70272E-01   0.71887E-01
    0.73717E-01   0.75746E-01   0.77933E-01   0.80209E-01   0.82523E-01
    0.84818E-01   0.87012E-01   0.89014E-01   0.90767E-01   0.92190E-01
    0.93204E-01   0.93784E-01   0.93867E-01   0.93401E-01   0.92386E-01
    0.90809E-01   0.88691E-01   0.86075E-01   0.83012E-01   0.79578E-01
    0.75791E-01   0.71799E-01   0.67668E-01   0.63495E-01   0.59373E-01
    0.55391E-01
