    0.61407E-01   0.61413E-01   0.61431E-01   0.61459E-01   0.61494E-01
    0.61533E-01   0.61571E-01   0.61604E-01   0.61627E-01   0.61635E-01
    0.61624E-01   0.61590E-01   0.61530E-01   0.61444E-01   0.61331E-01
    0.61192E-01   0.61032E-01   0.60855E-01   0.60667E-01   0.60476E-01
    0.60292E-01   0.60126E-01   0.59989E-01   0.59894E-01   0.59856E-01
    0.59888E-01   0.60005E-01   0.60221E-01   0.60548E-01   0.60999E-01
    0.61582E-01   0.62305E-01   0.63170E-01   0.64175E-01   0.65313E-01
    0.66572E-01   0.67932E-01   0.69368E-01   0.70848E-01   0.72335E-01
    0.73786E-01   0.75155E-01   0.76392E-01   0.77450E-01   0.78278E-01
    0.78832E-01   0.79071E-01   0.78961E-01   0.78479E-01   0.77608E-01
    0.76344E-01   0.74695E-01   0.72678E-01   0.70324E-01   0.67672E-01
    0.64772E-01   0.61679E-01   0.58456E-01   0.55169E-01   0.51884E-01
    0.48667E-01
