 "Unnamed: 0" PEAK_POSITION PEAK_ENERGY CROSS_SECTION ERROR
0 0 1861.67 0.0 3.7169020338933394 0.06631634359655052
1 1 1702.0 108.985466344 0.04309451633506015 0.003956686483246128
2 2 1664.89 136.0 2.9533497258616155 0.053984390363351155
3 3 0.0 227.0 0.0 
4 4 1444.51 292.0 0.30395387585436767 0.009962645209769716
5 5 1382.9 338.0 0.016733509002473744 0.0027635640671768136
6 6 1283.6 412.18923488900003 0.0160458305503271 0.0029908523249997892
7 7 1265.26 426.0 0.5421198464486865 0.015086200353357266
8 8 1243.62 442.0 0.5501427617262683 0.01534726094417679
9 9 1171.89 498.0 0.4119193928408229 0.012220547257629291
10 10 1140.62 522.0 0.3115183388268762 0.010422545049331211
11 11 0.0 568.0 0.0 
12 12 1007.7 627.529373269 0.03575927951210294 0.0039381460323100375
13 13 994.5 638.1388234140001 0.034383922607929086 0.003935045211507121
14 14 961.7 665.0 0.793122481486539 0.019349665998930794
15 15 930.3 690.0 0.1423494395964741 0.008116000974594913
16 16 918.6 699.686926476 0.025902555031215028 0.0055168374691030985
17 17 884.5 727.640577835 0.008710593727310192 0.002067683679808885
18 18 822.2 779.0 0.20446972644101416 0.00802406822283412
19 19 773.4 820.0 0.19392532350821848 0.007746759836343139
20 20 722.8 863.0 0.02681945963410707 0.0030103264383586773
21 21 668.0 909.480023125 0.003667618411508455 0.0018347371048490155
22 22 595.0 972.4923647530001 0.007106010672271509 0.0020661300375636417
23 23 567.1 996.8015171610001 0.027277911935538156 0.0034656659740248774
24 24 550.4 1011.4120452 0.01260743828953419 0.0027580155884413112
25 25 480.6 1072.96427387 0.05616040692605527 0.006707323369634027
26 26 469.1 1083.1805765 0.07404004668210676 0.006751096103435185
27 27 443.0 1106.44604938 0.05616040692605527 0.004670760726091879
28 28 0.0 1134.0 0.0 
29 29 315.75 1221.44540895 0.15403997328299687 0.006656557813937167
30 30 293.6 1241.72906144 0.012378212138818645 0.002529164716136069
31 31 275.28 1258.56504201 0.11461307535926604 0.0057956849839495015
32 32 252.08 1279.96316885 0.2140972247714254 0.008295833161303636
33 33 0.0 1315.0 0.0 
34 34 0.0 1342.0 0.0 
35 35 0.0 1355.0 0.0 
36 36 0.0 1412.0 0.0 
37 37 0.0 1476.0 0.0 
38 38 0.0 1484.0 0.0 
