    0.70824       0.70838       0.70890       0.71007       0.71235    
    0.71634       0.72273       0.73232       0.74590       0.76429    
    0.78823       0.81842       0.85542       0.89969       0.95155    
     1.0112        1.0785        1.1534        1.2356        1.3245    
     1.4194        1.5197        1.6242        1.7320        1.8419    
     1.9525        2.0626        2.1708        2.2756        2.3758    
     2.4699        2.5567        2.6349        2.7033        2.7611    
     2.8074        2.8414        2.8628        2.8712        2.8668    
     2.8499        2.8208        2.7806        2.7301        2.6707    
     2.6037        2.5307        2.4533        2.3730        2.2914    
     2.2099        2.1301        2.0529        1.9793        1.9102    
     1.8461        1.7872        1.7335        1.6851        1.6415    
     1.6023    
