    0.50545       0.50602       0.50774       0.51074       0.51519    
    0.52132       0.52943       0.53985       0.55241       0.56721    
    0.58551       0.60627       0.63151       0.66000       0.69350    
    0.73003       0.77070       0.81759       0.86320       0.90880    
    0.95842        1.0363        1.1112        1.1675        1.2361    
     1.3058        1.3805        1.4569        1.5345        1.6102    
     1.6838        1.7661        1.8281        1.8905        1.9453    
     1.9962        2.0365        2.0671        2.0886        2.1012    
     2.1010        2.0917        2.0732        2.0447        2.0069    
     1.9626        1.9102        1.8545        1.7974        1.7383    
     1.6783        1.6195        1.5625        1.5096        1.4603    
     1.4144        1.3742        1.3391        1.3085        1.2824    
     1.2611    
