    0.63093E-01   0.63100E-01   0.63121E-01   0.63152E-01   0.63192E-01
    0.63237E-01   0.63280E-01   0.63319E-01   0.63346E-01   0.63356E-01
    0.63345E-01   0.63308E-01   0.63242E-01   0.63145E-01   0.63016E-01
    0.62858E-01   0.62672E-01   0.62463E-01   0.62239E-01   0.62008E-01
    0.61779E-01   0.61565E-01   0.61377E-01   0.61232E-01   0.61143E-01
    0.61127E-01   0.61201E-01   0.61379E-01   0.61678E-01   0.62110E-01
    0.62688E-01   0.63418E-01   0.64307E-01   0.65351E-01   0.66545E-01
    0.67876E-01   0.69322E-01   0.70858E-01   0.72448E-01   0.74053E-01
    0.75625E-01   0.77116E-01   0.78471E-01   0.79636E-01   0.80561E-01
    0.81194E-01   0.81493E-01   0.81422E-01   0.80953E-01   0.80070E-01
    0.78770E-01   0.77061E-01   0.74961E-01   0.72505E-01   0.69735E-01
    0.66704E-01   0.63472E-01   0.60107E-01   0.56678E-01   0.53256E-01
    0.49911E-01
