    0.68212E-01   0.68222E-01   0.68253E-01   0.68300E-01   0.68361E-01
    0.68430E-01   0.68499E-01   0.68561E-01   0.68608E-01   0.68632E-01
    0.68625E-01   0.68581E-01   0.68493E-01   0.68358E-01   0.68172E-01
    0.67937E-01   0.67655E-01   0.67330E-01   0.66971E-01   0.66587E-01
    0.66191E-01   0.65798E-01   0.65427E-01   0.65098E-01   0.64832E-01
    0.64652E-01   0.64582E-01   0.64647E-01   0.64869E-01   0.65269E-01
    0.65867E-01   0.66675E-01   0.67701E-01   0.68946E-01   0.70404E-01
    0.72056E-01   0.73879E-01   0.75835E-01   0.77881E-01   0.79962E-01
    0.82017E-01   0.83981E-01   0.85784E-01   0.87357E-01   0.88630E-01
    0.89544E-01   0.90041E-01   0.90079E-01   0.89625E-01   0.88662E-01
    0.87188E-01   0.85215E-01   0.82774E-01   0.79908E-01   0.76675E-01
    0.73142E-01   0.69388E-01   0.65495E-01   0.61551E-01   0.57641E-01
    0.53849E-01
