    0.61929E-01   0.61935E-01   0.61954E-01   0.61983E-01   0.62019E-01
    0.62060E-01   0.62100E-01   0.62134E-01   0.62158E-01   0.62167E-01
    0.62155E-01   0.62120E-01   0.62059E-01   0.61969E-01   0.61852E-01
    0.61708E-01   0.61540E-01   0.61353E-01   0.61155E-01   0.60952E-01
    0.60755E-01   0.60574E-01   0.60422E-01   0.60313E-01   0.60259E-01
    0.60277E-01   0.60381E-01   0.60585E-01   0.60904E-01   0.61348E-01
    0.61930E-01   0.62654E-01   0.63525E-01   0.64541E-01   0.65695E-01
    0.66975E-01   0.68360E-01   0.69824E-01   0.71336E-01   0.72858E-01
    0.74344E-01   0.75748E-01   0.77021E-01   0.78110E-01   0.78966E-01
    0.79544E-01   0.79801E-01   0.79703E-01   0.79225E-01   0.78351E-01
    0.77077E-01   0.75410E-01   0.73369E-01   0.70985E-01   0.68298E-01
    0.65359E-01   0.62225E-01   0.58960E-01   0.55630E-01   0.52304E-01
    0.49049E-01
