    0.63549E-01   0.63556E-01   0.63577E-01   0.63610E-01   0.63651E-01
    0.63697E-01   0.63742E-01   0.63782E-01   0.63810E-01   0.63822E-01
    0.63810E-01   0.63773E-01   0.63705E-01   0.63604E-01   0.63472E-01
    0.63307E-01   0.63114E-01   0.62897E-01   0.62662E-01   0.62419E-01
    0.62178E-01   0.61950E-01   0.61748E-01   0.61588E-01   0.61486E-01
    0.61457E-01   0.61518E-01   0.61686E-01   0.61977E-01   0.62405E-01
    0.62982E-01   0.63716E-01   0.64612E-01   0.65669E-01   0.66880E-01
    0.68232E-01   0.69705E-01   0.71269E-01   0.72892E-01   0.74531E-01
    0.76138E-01   0.77664E-01   0.79052E-01   0.80249E-01   0.81200E-01
    0.81856E-01   0.82172E-01   0.82110E-01   0.81645E-01   0.80758E-01
    0.79447E-01   0.77720E-01   0.75596E-01   0.73110E-01   0.70306E-01
    0.67238E-01   0.63967E-01   0.60561E-01   0.57092E-01   0.53632E-01
    0.50251E-01
