    0.64198       0.64234       0.64346       0.64555       0.64892    
    0.65399       0.66123       0.67108       0.68360       0.69331    
    0.71873       0.74451       0.77752       0.81643       0.86318    
    0.92092       0.97976        1.0471        1.1277        1.1839    
     1.2725        1.3618        1.4608        1.5660        1.6653    
     1.7532        1.8541        1.9570        2.0495        2.1485    
     2.2281        2.3153        2.4101        2.4814        2.5200    
     2.5504        2.6215        2.6320        2.6354        2.6375    
     2.6232        2.5995        2.5659        2.5171        2.4622    
     2.4087        2.3425        2.2708        2.1886        2.1319    
     2.0579        1.9836        1.9129        1.8474        1.7861    
     1.7269        1.6786        1.6404        1.5858        1.5450    
     1.5106    
