    0.42246E-01   0.42251E-01   0.42263E-01   0.42283E-01   0.42307E-01
    0.42334E-01   0.42359E-01   0.42379E-01   0.42391E-01   0.42390E-01
    0.42373E-01   0.42337E-01   0.42281E-01   0.42203E-01   0.42103E-01
    0.41983E-01   0.41844E-01   0.41693E-01   0.41532E-01   0.41370E-01
    0.41215E-01   0.41075E-01   0.40962E-01   0.40887E-01   0.40862E-01
    0.40903E-01   0.41021E-01   0.41233E-01   0.41550E-01   0.41987E-01
    0.42553E-01   0.43259E-01   0.44109E-01   0.45105E-01   0.46243E-01
    0.47515E-01   0.48906E-01   0.50394E-01   0.51952E-01   0.53547E-01
    0.55139E-01   0.56686E-01   0.58141E-01   0.59458E-01   0.60590E-01
    0.61492E-01   0.62125E-01   0.62453E-01   0.62451E-01   0.62102E-01
    0.61399E-01   0.60345E-01   0.58954E-01   0.57252E-01   0.55274E-01
    0.53063E-01   0.50669E-01   0.48149E-01   0.45562E-01   0.42967E-01
    0.40425E-01
