    0.74355       0.74353       0.74360       0.74414       0.74579    
    0.74934       0.75562       0.76537       0.77892       0.79630    
    0.82553       0.85794       0.89920       0.94785        1.0159    
     1.0840        1.1600        1.2505        1.3451        1.4358    
     1.5485        1.6600        1.7939        1.9276        2.0546    
     2.1697        2.2894        2.4232        2.5220        2.6317    
     2.7343        2.8264        2.9302        2.9736        3.0675    
     3.1004        3.1252        3.1369        3.1148        3.1083    
     3.0809        3.0411        2.9924        2.9241        2.8530    
     2.7784        2.6994        2.6153        2.5311        2.4412    
     2.3497        2.2712        2.1876        2.1124        2.0350    
     1.9676        1.9067        1.8501        1.7948        1.7423    
     1.6977    
