    0.67446       0.67479       0.67589       0.67799       0.68148    
    0.68691       0.69481       0.70454       0.71242       0.72001    
    0.75248       0.78020       0.81557       0.85868       0.90989    
    0.97154        1.0360        1.1098        1.1922        1.2618    
     1.3583        1.4542        1.5664        1.6841        2.5634    
     1.8855        1.9895        2.0660        2.1978        2.2956    
     2.3872        2.4759        2.5708        2.6386        2.6758    
     2.7194        2.7882        2.7894        2.7865        2.7863    
     2.7684        2.7388        2.7007        2.6464        2.5864    
     2.5276        2.4578        2.3809        2.3081        2.2314    
     2.1531        2.0784        2.0019        1.9358        1.8678    
     1.8055        1.7522        1.7008        1.6539        1.6095    
     1.5718    
