    0.66014       0.66048       0.66156       0.66360       0.66696    
    0.67208       0.67951       0.68958       0.70128       0.70783    
    0.73691       0.76418       0.79853       0.84499       0.88856    
    0.94851        1.0104        1.0811        1.1617        1.2260    
     1.3189        1.4117        1.5183        1.6311        1.7397    
     1.8244        1.9277        2.0328        2.1298        2.2268    
     2.3141        2.4022        2.4970        2.5668        2.6054    
     2.6259        2.7207        2.7171        2.7175        2.7184    
     2.7023        2.6753        2.6392        2.5876        2.5300    
     2.4739        2.4056        2.3311        2.2626        2.1894    
     2.1102        2.0354        1.9619        1.8947        1.8312    
     1.7702        1.7191        1.6681        1.6233        1.5806    
     1.5444    
