    0.63164E-01   0.63163E-01   0.63158E-01   0.63138E-01   0.63121E-01
    0.63171E-01   0.63247E-01   0.63302E-01   0.63326E-01   0.63319E-01
    0.63314E-01   0.63299E-01   0.63234E-01   0.63131E-01   0.63007E-01
    0.62712E-01   0.62652E-01   0.62428E-01   0.62217E-01   0.61986E-01
    0.61753E-01   0.61549E-01   0.61324E-01   0.61195E-01   0.61107E-01
    0.61095E-01   0.61166E-01   0.61324E-01   0.61653E-01   0.62075E-01
    0.62649E-01   0.63380E-01   0.64266E-01   0.65306E-01   0.66501E-01
    0.67829E-01   0.69248E-01   0.70829E-01   0.72422E-01   0.74029E-01
    0.75611E-01   0.77105E-01   0.78453E-01   0.79623E-01   0.80548E-01
    0.81169E-01   0.81481E-01   0.81418E-01   0.80952E-01   0.80060E-01
    0.78760E-01   0.77057E-01   0.74958E-01   0.72506E-01   0.69751E-01
    0.66709E-01   0.63480E-01   0.60115E-01   0.56682E-01   0.53266E-01
    0.49922E-01
