    0.72423E-01   0.72434E-01   0.72465E-01   0.72507E-01   0.72539E-01
    0.72560E-01   0.72690E-01   0.72841E-01   0.72927E-01   0.72923E-01
    0.72944E-01   0.72995E-01   0.72902E-01   0.72732E-01   0.72499E-01
    0.71565E-01   0.71811E-01   0.71330E-01   0.70844E-01   0.70296E-01
    0.69716E-01   0.69156E-01   0.68797E-01   0.68058E-01   0.67586E-01
    0.67272E-01   0.67086E-01   0.67014E-01   0.67296E-01   0.67728E-01
    0.68422E-01   0.69373E-01   0.70708E-01   0.72345E-01   0.74123E-01
    0.76254E-01   0.78608E-01   0.81149E-01   0.83803E-01   0.86484E-01
    0.89120E-01   0.91615E-01   0.93996E-01   0.96013E-01   0.97649E-01
    0.98818E-01   0.99483E-01   0.99589E-01   0.99068E-01   0.97932E-01
    0.96169E-01   0.93810E-01   0.90899E-01   0.87502E-01   0.83723E-01
    0.79554E-01   0.75189E-01   0.70692E-01   0.66170E-01   0.61747E-01
    0.57485E-01
