    0.61635       0.61670       0.61780       0.61984       0.62312    
    0.62805       0.63508       0.64475       0.65758       0.67412    
    0.69487       0.72029       0.75076       0.78662       0.82808    
    0.87529       0.92830       0.98706        1.0514        1.1211    
     1.1958        1.2750        1.3582        1.4447        1.5338    
     1.6246        1.7163        1.8077        1.8979        1.9856    
     2.0698        2.1492        2.2225        2.2888        2.3468    
     2.3955        2.4342        2.4620        2.4786        2.4836    
     2.4772        2.4595        2.4312        2.3930        2.3461    
     2.2915        2.2308        2.1655        2.0969        2.0268    
     1.9564        1.8873        1.8205        1.7570        1.6977    
     1.6430        1.5934        1.5488        1.5092        1.4742    
     1.4433    
