    0.48916       0.48979       0.49172       0.49501       0.49978    
    0.50621       0.51448       0.52480       0.53743       0.55260    
    0.57056       0.59153       0.61573       0.64334       0.67452    
    0.70939       0.74805       0.79055       0.83692       0.88714    
    0.94116       0.99887        1.0601        1.1247        1.1922    
     1.2623        1.3345        1.4081        1.4823        1.5563    
     1.6291        1.6995        1.7665        1.8287        1.8851    
     1.9344        1.9757        2.0081        2.0308        2.0434    
     2.0458        2.0378        2.0200        1.9929        1.9574    
     1.9145        1.8656        1.8120        1.7551        1.6965    
     1.6376        1.5797        1.5241        1.4717        1.4234    
     1.3797        1.3411        1.3074        1.2787        1.2544    
     1.2341    
