    0.72985E-01   0.73002E-01   0.73052E-01   0.73131E-01   0.73234E-01
    0.73351E-01   0.73473E-01   0.73589E-01   0.73687E-01   0.73754E-01
    0.73778E-01   0.73748E-01   0.73653E-01   0.73487E-01   0.73243E-01
    0.72921E-01   0.72521E-01   0.72050E-01   0.71517E-01   0.70935E-01
    0.70323E-01   0.69703E-01   0.69102E-01   0.68548E-01   0.68074E-01
    0.67716E-01   0.67508E-01   0.67488E-01   0.67688E-01   0.68141E-01
    0.68873E-01   0.69903E-01   0.71241E-01   0.72888E-01   0.74831E-01
    0.77047E-01   0.79497E-01   0.82130E-01   0.84883E-01   0.87680E-01
    0.90438E-01   0.93069E-01   0.95479E-01   0.97578E-01   0.99278E-01
    0.10050       0.10118       0.10127       0.10073       0.99547E-01
    0.97726E-01   0.95293E-01   0.92296E-01   0.88796E-01   0.84875E-01
    0.80623E-01   0.76142E-01   0.71540E-01   0.66924E-01   0.62401E-01
    0.58070E-01
