    0.59792E-01   0.59790E-01   0.59783E-01   0.59776E-01   0.59793E-01
    0.59844E-01   0.59899E-01   0.59939E-01   0.59955E-01   0.59949E-01
    0.59943E-01   0.59925E-01   0.59872E-01   0.59791E-01   0.59694E-01
    0.59487E-01   0.59426E-01   0.59264E-01   0.59116E-01   0.58962E-01
    0.58814E-01   0.58697E-01   0.58568E-01   0.58540E-01   0.58547E-01
    0.58625E-01   0.58779E-01   0.59016E-01   0.59393E-01   0.59854E-01
    0.60444E-01   0.61167E-01   0.62009E-01   0.62981E-01   0.64075E-01
    0.65273E-01   0.66549E-01   0.67926E-01   0.69322E-01   0.70709E-01
    0.72063E-01   0.73331E-01   0.74461E-01   0.75427E-01   0.76172E-01
    0.76642E-01   0.76841E-01   0.76710E-01   0.76209E-01   0.75338E-01
    0.74106E-01   0.72509E-01   0.70563E-01   0.68301E-01   0.65766E-01
    0.62971E-01   0.60003E-01   0.56909E-01   0.53747E-01   0.50588E-01
    0.47489E-01
