    0.72784       0.72772       0.72751       0.72768       0.72909    
    0.73268       0.73919       0.74914       0.76275       0.77816    
    0.80845       0.84004       0.88106       0.92756       0.99103    
     1.0584        1.1319        1.2186        1.3100        1.3965    
     1.5063        1.6139        1.7433        1.8722        1.9941    
     2.1063        2.2234        2.3545        2.4500        2.5566    
     2.6576        2.7487        2.8490        2.9014        2.9809    
     3.0241        3.0494        3.0596        3.0421        3.0371    
     3.0118        2.9743        2.9296        2.8623        2.7935    
     2.7218        2.6465        2.5636        2.4809        2.3946    
     2.3065        2.2286        2.1466        2.0730        1.9985    
     1.9317        1.8727        1.8175        1.7637        1.7131    
     1.6700    
