    0.67814       0.67877       0.68066       0.68374       0.68787    
    0.69283       0.69828       0.70381       0.70888       0.71268    
    0.71438       0.71299       0.70742       0.69668       0.67986    
    0.65637       0.62608       0.58942       0.54743       0.50167    
    0.45422       0.40744       0.36346       0.32413       0.29059    
    0.26311       0.24130       0.22389       0.20951       0.19651    
    0.18367       0.17022       0.15590       0.14110       0.12633    
    0.11240       0.99913E-01   0.89252E-01   0.80464E-01   0.73326E-01
    0.67401E-01   0.62193E-01   0.57275E-01   0.52363E-01   0.47359E-01
    0.42337E-01   0.37491E-01   0.33044E-01   0.29175E-01   0.25980E-01
    0.23444E-01   0.21452E-01   0.19829E-01   0.18393E-01   0.16987E-01
    0.15522E-01   0.13978E-01   0.12400E-01   0.10871E-01   0.94832E-02
    0.83083E-02
