    0.45957       0.46025       0.46233       0.46586       0.47092    
    0.47763       0.48613       0.49659       0.50919       0.52411    
    0.54152       0.56162       0.58456       0.61050       0.63959    
    0.67194       0.70767       0.74685       0.78955       0.83582    
    0.88568       0.93909       0.99598        1.0562        1.1196    
     1.1857        1.2542        1.3245        1.3958        1.4674    
     1.5382        1.6071        1.6731        1.7349        1.7912    
     1.8409        1.8828        1.9162        1.9402        1.9542    
     1.9581        1.9518        1.9357        1.9103        1.8764    
     1.8352        1.7879        1.7360        1.6808        1.6238    
     1.5666        1.5105        1.4567        1.4063        1.3601    
     1.3186        1.2822        1.2509        1.2246        1.2028    
     1.1850    
