    0.37726       0.37810       0.38061       0.38476       0.39054    
    0.39790       0.40678       0.41743       0.43071       0.44485    
    0.45973       0.47789       0.49748       0.51970       0.54462    
    0.56999       0.59868       0.62943       0.66296       0.69900    
    0.73999       0.78407       0.83224       0.88351       0.93734    
    0.99557        1.0560        1.1200        1.1848        1.2523    
     1.3179        1.3831        1.4474        1.5093        1.5654    
     1.6147        1.6582        1.6935        1.7219        1.7365    
     1.7429        1.7382        1.7242        1.7023        1.6716    
     1.6328        1.5882        1.5385        1.4870        1.4334    
     1.3800        1.3276        1.2776        1.2336        1.1919    
     1.1546        1.1236        1.0988        1.0791        1.0650    
     1.0518    
