    0.70514E-01   0.70527E-01   0.70564E-01   0.70624E-01   0.70701E-01
    0.70788E-01   0.70878E-01   0.70961E-01   0.71028E-01   0.71069E-01
    0.71075E-01   0.71037E-01   0.70948E-01   0.70801E-01   0.70593E-01
    0.70324E-01   0.69995E-01   0.69611E-01   0.69181E-01   0.68716E-01
    0.68230E-01   0.67742E-01   0.67273E-01   0.66846E-01   0.66488E-01
    0.66227E-01   0.66091E-01   0.66110E-01   0.66311E-01   0.66720E-01
    0.67358E-01   0.68241E-01   0.69380E-01   0.70774E-01   0.72416E-01
    0.74285E-01   0.76352E-01   0.78574E-01   0.80899E-01   0.83265E-01
    0.85603E-01   0.87836E-01   0.89885E-01   0.91673E-01   0.93122E-01
    0.94164E-01   0.94739E-01   0.94799E-01   0.94311E-01   0.93258E-01
    0.91640E-01   0.89475E-01   0.86800E-01   0.83667E-01   0.80141E-01
    0.76301E-01   0.72235E-01   0.68036E-01   0.63800E-01   0.59622E-01
    0.55592E-01
