    0.55143E-01   0.55147E-01   0.55157E-01   0.55173E-01   0.55193E-01
    0.55215E-01   0.55235E-01   0.55251E-01   0.55259E-01   0.55256E-01
    0.55241E-01   0.55212E-01   0.55168E-01   0.55110E-01   0.55038E-01
    0.54956E-01   0.54868E-01   0.54779E-01   0.54694E-01   0.54622E-01
    0.54570E-01   0.54547E-01   0.54562E-01   0.54624E-01   0.54743E-01
    0.54929E-01   0.55190E-01   0.55534E-01   0.55968E-01   0.56498E-01
    0.57128E-01   0.57858E-01   0.58687E-01   0.59610E-01   0.60619E-01
    0.61701E-01   0.62838E-01   0.64011E-01   0.65193E-01   0.66354E-01
    0.67464E-01   0.68485E-01   0.69382E-01   0.70118E-01   0.70657E-01
    0.70965E-01   0.71013E-01   0.70775E-01   0.70234E-01   0.69378E-01
    0.68205E-01   0.66720E-01   0.64938E-01   0.62880E-01   0.60580E-01
    0.58073E-01   0.55406E-01   0.52625E-01   0.49785E-01   0.46936E-01
    0.44134E-01
