    0.64563       0.64590       0.64681       0.64855       0.65150    
    0.65609       0.66288       0.67247       0.68548       0.70253    
    0.72420       0.75102       0.78344       0.82183       0.86642    
    0.91738       0.97474        1.0384        1.1081        1.1837    
     1.2645        1.3501        1.4398        1.5328        1.6283    
     1.7251        1.8224        1.9189        2.0136        2.1052    
     2.1924        2.2740        2.3489        2.4159        2.4739    
     2.5220        2.5593        2.5853        2.5995        2.6018    
     2.5922        2.5713        2.5395        2.4977        2.4471    
     2.3889        2.3246        2.2557        2.1837        2.1102    
     2.0366        1.9642        1.8943        1.8278        1.7655    
     1.7079        1.6554        1.6080        1.5656        1.5279    
     1.4943    
