    0.60980E-01   0.60986E-01   0.61003E-01   0.61030E-01   0.61064E-01
    0.61102E-01   0.61139E-01   0.61171E-01   0.61192E-01   0.61200E-01
    0.61188E-01   0.61155E-01   0.61097E-01   0.61013E-01   0.60903E-01
    0.60770E-01   0.60616E-01   0.60446E-01   0.60267E-01   0.60086E-01
    0.59913E-01   0.59758E-01   0.59633E-01   0.59551E-01   0.59525E-01
    0.59570E-01   0.59697E-01   0.59922E-01   0.60257E-01   0.60713E-01
    0.61298E-01   0.62019E-01   0.62879E-01   0.63875E-01   0.65001E-01
    0.66243E-01   0.67582E-01   0.68995E-01   0.70449E-01   0.71907E-01
    0.73329E-01   0.74668E-01   0.75878E-01   0.76908E-01   0.77713E-01
    0.78247E-01   0.78471E-01   0.78352E-01   0.77865E-01   0.76996E-01
    0.75741E-01   0.74105E-01   0.72108E-01   0.69778E-01   0.67155E-01
    0.64286E-01   0.61227E-01   0.58040E-01   0.54787E-01   0.51536E-01
    0.48350E-01
