    0.63217E-01   0.63224E-01   0.63244E-01   0.63276E-01   0.63316E-01
    0.63361E-01   0.63405E-01   0.63444E-01   0.63471E-01   0.63482E-01
    0.63470E-01   0.63433E-01   0.63367E-01   0.63269E-01   0.63139E-01
    0.62979E-01   0.62791E-01   0.62581E-01   0.62354E-01   0.62120E-01
    0.61888E-01   0.61671E-01   0.61480E-01   0.61331E-01   0.61239E-01
    0.61220E-01   0.61290E-01   0.61466E-01   0.61763E-01   0.62194E-01
    0.62771E-01   0.63503E-01   0.64392E-01   0.65439E-01   0.66637E-01
    0.67972E-01   0.69425E-01   0.70967E-01   0.72564E-01   0.74176E-01
    0.75756E-01   0.77254E-01   0.78617E-01   0.79789E-01   0.80720E-01
    0.81358E-01   0.81660E-01   0.81591E-01   0.81123E-01   0.80239E-01
    0.78937E-01   0.77222E-01   0.75117E-01   0.72654E-01   0.69876E-01
    0.66836E-01   0.63595E-01   0.60220E-01   0.56782E-01   0.53351E-01
    0.49997E-01
