Background: A = 2.21(24),  B = -0.008(5),  C = 0.0(0)
      Shape: R = 0.0(0),  Beta = 1.8105(0),  Step = 0.0(0)
   position      width       height        area          centroid      energy
 1 1093.51(23)   8.36(17)    60(3)         532(28)       1093.51(23)   546.76(11)
 2 1084.6(9)     8.36(17)    10.4(21)      92(18)        1084.6(9)     542.3(4)*
 3 1043.44(22)   8.34(17)    57(3)         503(26)       1043.44(22)   521.72(11)
 4 1033.6(8)     8.33(17)    9.4(17)       84(15)        1033.6(8)     516.8(4)*
 5 1009.60(23)   8.32(17)    73(4)         643(34)       1009.60(23)   504.80(11)
 6 1001.3(6)     8.31(17)    20(3)         176(26)       1001.3(6)     500.7(3)*
 7 982.1(3)      8.30(17)    49(3)         437(26)       982.1(3)      491.06(13)
 8 973.1(12)     8.30(17)    7.1(19)       62(16)        973.1(12)     486.6(6)*
Background: A = 1.34(22),  B = 0.006(8),  C = 0.0(0)
      Shape: R = 0.0(0),  Beta = 4.7123(0),  Step = 0.0(0)
   position      width       height        area          centroid      energy
 1 944.7(14)     7.1(5)      2.4(9)        19(7)         944.7(14)     472.4(7)
 2 934.3(11)     7.1(5)      3.0(9)        22(7)         934.3(11)     467.1(6)
 3 915.5(3)      7.1(5)      16.1(19)      122(12)       915.5(3)      457.77(16)
 4 887.4(19)     7.1(5)      1.4(8)        10(6)         887.4(19)     443.7(10)*
Background: -1
Background: -1
Background: -1
Background: -1
Background: -1
Background: -1
Background: A = 2.0(0),  B = 0.0(0),  C = 0.0(0)
      Shape: R = 0.0(0),  Beta = 1.7201(0),  Step = 0.0(0)
   position      width       height        area          centroid      energy
 1 730.1(4)      11.8(5)     23.2(17)      291(19)       730.1(4)      365.05(21)
 2 703.1(5)      11.8(5)     16.5(15)      207(17)       703.1(5)      351.5(3)
 3 688.5(15)     11.8(5)     4.2(10)       52(12)        688.5(15)     344.2(8)*
Background: A = 3.97(17),  B = 0.0006(22),  C = 0.0(0)
      Shape: R = 0.0(0),  Beta = 1.6747(0),  Step = 0.0(0)
   position      width       height        area          centroid      energy
 1 652.48(9)     7.46(9)     246(7)        1954(48)      652.48(9)     326.24(5)
 2 643.4(4)      7.46(9)     34(3)         269(26)       643.4(4)      321.69(19)*
 3 587.51(13)    7.43(9)     116(4)        915(32)       587.51(13)    293.75(6)
 4 577.3(5)      7.42(9)     15.4(20)      122(16)       577.3(5)      288.7(3)*
 5 555.4(10)     7.41(9)     4.8(12)       38(10)        555.4(10)     277.7(5)
Background: -1
Background: A = 3.97(17),  B = 0.0006(22),  C = 0.0(0)
      Shape: R = 0.0(0),  Beta = 1.6747(0),  Step = 0.0(0)
 1 501.89(18)    7.37(9)     53(3)         415(22)       501.89(18)    250.94(9)
 2 461.5(4)      7.35(9)     36(3)         283(26)       461.5(4)      230.75(18)
 3 454.6(7)      7.35(9)     15(3)         116(22)       454.6(7)      227.3(4)*
 

