Background: A = 0.23(21),  B = 0.009(15),  C = 0.0(0)
      Shape: R = 0.0(0),  Beta = 1.8132(0),  Step = 0.0(0)
   position      width       height        area          centroid      energy
 1 1041.7(5)     5.3(7)      7.5(16)       42(8)         1041.7(5)     520.8(3)
 2 1035.8(15)    5.3(7)      1.9(11)       11(6)         1035.8(15)    517.9(8)*
Background: -1
Background: -1
Background: A = 0.44(19),  B = -0.018(11),  C = 0.0(0)
      Shape: R = 0.0(0),  Beta = 1.8033(0),  Step = 0.0(0)
   position      width       height        area          centroid      energy
 1 1005.1(5)     5.9(5)      17(3)         107(17)       1005.1(5)     502.6(3)
 2 999.8(7)      5.9(5)      10(3)         64(16)        999.8(7)      499.9(3)*
Background: POS 980.0(6) SUM 10(3)
Background: POS 974.7(8) SUM 7(3)
Background: -1
Background: -1
Background: -1
Background: -1
Background: A = 0.04(24),  B = 0.004(9),  C = 0.0(0)
      Shape: R = 0.0(0),  Beta = 1.7616(0),  Step = 0.0(0)
   position      width       height        area          centroid      energy
 1 866.3(6)      9.2(9)      6.1(10)       59(9)         866.3(6)      433.2(3)
 2 852.8(16)     9.2(9)      1.7(6)        17(6)         852.8(16)     426.4(8)
 3 839(4)        9.2(9)      0.6(5)        6(5)          839(4)        419.5(20)
Background: A = 0.17(14),  B = 0.000(4),  C = 0.0(0)
      Shape: R = 0.0(0),  Beta = 1.7418(0),  Step = 0.0(0)
   position      width       height        area          centroid      energy
 1 815.9(8)      6.0(6)      2.4(7)        15(5)         815.9(8)      408.0(4)
 2 792.3(14)     6.0(6)      1.2(6)        8(4)          792.3(14)     396.2(7)
 3 771.3(9)      5.9(6)      2.3(7)        15(4)         771.3(9)      385.6(4)
Background: A = 1.4(3),  B = -0.010(8),  C = 0.0(0)
      Shape: R = 0.0(0),  Beta = 1.7196(0),  Step = 0.0(0)
   position      width       height        area          centroid      energy
 1 730.0(5)      11.8(6)     13.0(13)      163(16)       730.0(5)      365.01(24)
 2 701.7(5)      11.8(6)     14.2(14)      177(17)       701.7(5)      350.9(3)
 3 685.8(13)     11.7(6)     4.7(10)       58(12)        685.8(13)     342.9(6)
Background: A = 3.55(17),  B = -0.0074(24),  C = 0.0(0)
      Shape: R = 0.0(0),  Beta = 1.6780(0),  Step = 0.0(0)
   position      width       height        area          centroid      energy
 1 652.33(11)    7.75(12)    161(5)        1327(39)      652.33(11)    326.17(5)
 2 641.9(6)      7.74(12)    16.0(21)      132(17)       641.9(6)      321.0(3)*
 3 587.14(18)    7.71(12)    82(4)         670(30)       587.14(18)    293.57(9)
 4 578.4(10)     7.71(12)    9.2(21)       75(17)        578.4(10)     289.2(5)*
Background: -1
Background: -1
Background: A = 3.55(17),  B = -0.0074(24),  C = 0.0(0)
      Shape: R = 0.0(0),  Beta = 1.6780(0),  Step = 0.0(0)
 1 534.3(5)      7.68(12)    10.4(15)      85(12)        534.3(5)      267.2(3)
 2 501.86(22)    7.66(12)    40(3)         323(20)       501.86(22)    250.93(11)
 3 459.8(3)      7.64(12)    20.9(20)      170(16)       459.8(3)      229.92(17)*
