Background: A = 1.35(20),  B = -0.005(3),  C = 0.0(0)
      Shape: R = 0.0(0),  Beta = 1.8095(0),  Step = 0.0(0)
   position      width       height        area          centroid      energy
 1 1091.6(3)     9.34(17)    34.6(21)      344(20)       1091.6(3)     545.81(13)
 2 1078.6(13)    9.33(17)    3.6(9)        36(9)         1078.6(13)    539.3(7)
 3 1041.7(3)     9.31(17)    34.9(22)      346(21)       1041.7(3)     520.83(15)
 4 1030.8(11)    9.31(17)    5.8(13)       57(12)        1030.8(11)    515.4(6)
 5 1005.11(18)   9.29(17)    114(4)        1124(42)      1005.11(18)   502.55(9)
 6 995.6(8)      9.29(17)    18(3)         181(29)       995.6(8)      497.8(4)
 7 980.3(3)      9.28(17)    33.5(22)      331(21)       980.3(3)      490.17(15)
 8 968.3(12)     9.27(17)    5.0(11)       49(11)        968.3(12)     484.1(6)
Background: A = 1.5(3),  B = 0.0(0),  C = 0.0(0)
      Shape: R = 0.0(0),  Beta = 1.7814(0),  Step = 0.0(0)
   position      width       height        area          centroid      energy
 1 945(7)        8.6(6)      0.5(7)        5(7)          945(7)        473(4)
 2 935.6(16)     8.6(6)      2.6(9)        24(9)         935.6(16)     467.8(8)
 3 914.3(4)      8.6(6)      13.5(17)      124(13)       914.3(4)      457.16(20)
Background: -1
Background: A = 1.01(24),  B = -0.000(8),  C = 0.0(0)
      Shape: R = 0.0(0),  Beta = 1.7615(0),  Step = 0.0(0)
   position      width       height        area          centroid      energy
 1 867.7(3)      10.4(3)     40.1(25)      443(23)       867.7(3)      433.84(13)
 2 852.0(10)     10.4(3)     7.7(12)       85(13)        852.0(10)     426.0(5)
 3 840(3)        10.4(3)     1.6(8)        18(9)         840(3)        420.2(16)
Background: A = -0.6(5),  B = 0.017(11),  C = 0.0(0)
      Shape: R = 0.0(0),  Beta = 1.7427(0),  Step = 0.0(0)
   position      width       height        area          centroid      energy
 1 816.0(3)      10.8(3)     22.1(16)      253(19)       816.0(3)      407.99(16)
 2 795.3(5)      10.7(3)     10.7(11)      122(14)       795.3(5)      397.66(24)
 3 775.0(3)      10.7(3)     43.2(23)      494(26)       775.0(3)      387.52(13)
Background: A = 3.3(3),  B = -0.026(11),  C = 0.0(0)
      Shape: R = 0.0(0),  Beta = 1.7196(0),  Step = 0.0(0)
   position      width       height        area          centroid      energy
 1 728.0(4)      7.6(4)      14.4(17)      117(13)       728.0(4)      364.00(20)
 2 700.3(3)      7.6(4)      25.6(24)      207(18)       700.3(3)      350.15(17)
 3 691.0(12)     7.6(4)      5.8(16)       47(12)        691.0(12)     345.5(6)
Background: -1
Background: -1
Background: -1
Background: -1
Background: -1
Background: -1
Background: -1
Background: A = 2.3(3),  B = -0.017(19),  C = 0.0(0)
      Shape: R = 0.0(0),  Beta = 1.6448(0),  Step = 0.0(0)
   position      width       height        area          centroid      energy
 1 459.2(3)      7.2(4)      33(3)         252(22)       459.2(3)      229.60(17)
 2 451.7(9)      7.2(4)      9(3)          68(18)        451.7(9)      225.9(5)*


