Background: A = 0.88(16),  B = -0.0071(24),  C = 0.0(0)
      Shape: R = 0.0(0),  Beta = 1.8128(0),  Step = 0.0(0)
   position      width       height        area          centroid      energy
 1 1095.6(3)     9.04(18)    26.7(19)      257(18)       1095.6(3)     547.79(15)
 2 1084.5(15)    9.03(18)    3.1(9)        30(9)         1084.5(15)    542.3(7)*
 3 1045.12(24)   9.01(18)    36.7(22)      352(20)       1045.12(24)   522.56(12)
 4 1031.9(10)    9.01(18)    4.5(9)        43(9)         1031.9(10)    516.0(5)*
 5 1009.25(24)   8.99(18)    77(4)         736(37)       1009.25(24)   504.63(12)
 6 1000.8(7)     8.99(18)    19(3)         182(30)       1000.8(7)     500.4(3)*
 7 983.6(3)      8.98(18)    25.1(19)      240(18)       983.6(3)      491.79(17)
 8 972.3(21)     8.97(18)    2.3(9)        22(9)         972.3(21)     486.2(10)*
Background: A = 0.0(5),  B = 0.0(0),  C = 0.0(0)
      Shape: R = 0.0(0),  Beta = 1.7819(0),  Step = 0.0(0)
   position      width       height        area          centroid      energy
 1 955.2(22)     11.0(9)     1.2(6)        14(8)         955.2(22)     477.6(11)
 2 936.9(8)      11.0(9)     4.3(8)        50(11)        936.9(8)      468.5(4)
 3 917.4(6)      10.9(9)     6.3(9)        74(12)        917.4(6)      458.7(3)
 4 897.0(19)     10.9(9)     1.2(7)        15(9)         897.0(19)     448.5(10)*
Background: A = 0.5(3),  B = -0.006(9),  C = 0.0(0)
      Shape: R = 0.0(0),  Beta = 1.7623(0),  Step = 0.0(0)
   position      width       height        area          centroid      energy
 1 869.8(3)      10.8(4)     27.0(20)      312(19)       869.8(3)      434.92(16)
 2 854.6(15)     10.8(4)     4.3(9)        50(10)        854.6(15)     427.3(7)
 3 842(3)        10.8(4)     1.3(7)        16(8)         842(3)        420.8(15)
Background: A = 0.87(24),  B = -0.006(5),  C = 0.0(0)
      Shape: R = 0.0(0),  Beta = 1.7431(0),  Step = 0.0(0)
   position      width       height        area          centroid      energy
 1 818.9(4)      10.1(3)     13.9(13)      150(14)       818.9(4)      409.47(20)
 2 797.3(5)      10.1(3)     10.3(11)      111(12)       797.3(5)      398.7(3)
 3 778.4(3)      10.1(3)     24.1(18)      258(18)       778.4(3)      389.22(16)
Background: A = 1.8(5),  B = 0.006(13),  C = 0.0(0)
      Shape: R = 0.0(0),  Beta = 1.7195(0),  Step = 0.0(0)
   position      width       height        area          centroid      energy
 1 730.1(5)      11.0(7)     12.3(14)      144(19)       730.1(5)      365.1(3)
 2 701.6(5)      11.0(7)     14.4(14)      169(17)       701.6(5)      350.8(3)
 3 685.8(11)     11.0(7)     4.9(10)       57(12)        685.8(11)     342.9(6)
Background: A = 3.55(17),  B = -0.0074(24),  C = 0.0(0)
      Shape: R = 0.0(0),  Beta = 1.6780(0),  Step = 0.0(0)
   position      width       height        area          centroid      energy
 1 652.33(11)    7.75(12)    161(5)        1327(39)      652.33(11)    326.17(5)
 2 641.9(6)      7.74(12)    16.0(21)      132(17)       641.9(6)      321.0(3)*
 3 587.14(18)    7.71(12)    82(4)         670(30)       587.14(18)    293.57(9)
 4 578.4(10)     7.71(12)    9.2(21)       75(17)        578.4(10)     289.2(5)*
Background: -1
Background: A = 3.55(17),  B = -0.0074(24),  C = 0.0(0)
      Shape: R = 0.0(0),  Beta = 1.6780(0),  Step = 0.0(0)
 1 534.3(5)      7.68(12)    10.4(15)      85(12)        534.3(5)      267.2(3)
 2 501.86(22)    7.66(12)    40(3)         323(20)       501.86(22)    250.93(11)
 3 459.8(3)      7.64(12)    20.9(20)      170(16)       459.8(3)      229.92(17)
Background: -1
