    0.59738       0.59809       0.60022       0.60374       0.60857    
    0.61457       0.62153       0.62906       0.63672       0.64378    
    0.64943       0.65274       0.65257       0.64779       0.63745    
    0.62060       0.59688       0.56631       0.52969       0.48831    
    0.44411       0.39923       0.35608       0.31675       0.28266    
    0.25455       0.23231       0.21500       0.20121       0.18933    
    0.17791       0.16595       0.15300       0.13916       0.12501    
    0.11127       0.98670E-01   0.87753E-01   0.78718E-01   0.71453E-01
    0.65595E-01   0.60629E-01   0.56086E-01   0.51588E-01   0.46954E-01
    0.42195E-01   0.37469E-01   0.33005E-01   0.29021E-01   0.25672E-01
    0.22994E-01   0.20921E-01   0.19299E-01   0.17942E-01   0.16672E-01
    0.15365E-01   0.13964E-01   0.12486E-01   0.10998E-01   0.95942E-02
    0.83601E-02
