    0.43433E-01   0.43440E-01   0.43458E-01   0.43486E-01   0.43522E-01
    0.43562E-01   0.43602E-01   0.43637E-01   0.43662E-01   0.43673E-01
    0.43664E-01   0.43632E-01   0.43573E-01   0.43486E-01   0.43369E-01
    0.43223E-01   0.43051E-01   0.42856E-01   0.42644E-01   0.42423E-01
    0.42203E-01   0.41993E-01   0.41808E-01   0.41662E-01   0.41571E-01
    0.41552E-01   0.41624E-01   0.41804E-01   0.42111E-01   0.42561E-01
    0.43171E-01   0.43951E-01   0.44910E-01   0.46051E-01   0.47370E-01
    0.48858E-01   0.50495E-01   0.52258E-01   0.54112E-01   0.56017E-01
    0.57925E-01   0.59785E-01   0.61541E-01   0.63137E-01   0.64516E-01
    0.65627E-01   0.66421E-01   0.66860E-01   0.66914E-01   0.66563E-01
    0.65802E-01   0.64635E-01   0.63083E-01   0.61177E-01   0.58958E-01
    0.56480E-01   0.53802E-01   0.50991E-01   0.48115E-01   0.45243E-01
    0.42444E-01
