    0.45572       0.45642       0.45851       0.46207       0.46717    
    0.47392       0.48245       0.49294       0.50554       0.52043    
    0.53779       0.55778       0.58058       0.60633       0.63517    
    0.66722       0.70259       0.74137       0.78363       0.82943    
    0.87878       0.93167       0.98803        1.0477        1.1106    
     1.1762        1.2443        1.3141        1.3851        1.4564    
     1.5269        1.5957        1.6615        1.7232        1.7795    
     1.8292        1.8713        1.9048        1.9289        1.9431    
     1.9471        1.9410        1.9250        1.8998        1.8662    
     1.8252        1.7781        1.7262        1.6712        1.6145    
     1.5575        1.5016        1.4480        1.3978        1.3518    
     1.3106        1.2745        1.2435        1.2175        1.1960    
     1.1786    
