    0.42607E-01   0.42612E-01   0.42626E-01   0.42648E-01   0.42675E-01
    0.42705E-01   0.42734E-01   0.42759E-01   0.42774E-01   0.42776E-01
    0.42761E-01   0.42726E-01   0.42669E-01   0.42589E-01   0.42484E-01
    0.42357E-01   0.42210E-01   0.42047E-01   0.41873E-01   0.41695E-01
    0.41522E-01   0.41363E-01   0.41230E-01   0.41135E-01   0.41092E-01
    0.41116E-01   0.41220E-01   0.41422E-01   0.41734E-01   0.42172E-01
    0.42748E-01   0.43471E-01   0.44347E-01   0.45379E-01   0.46562E-01
    0.47889E-01   0.49343E-01   0.50902E-01   0.52537E-01   0.54213E-01
    0.55889E-01   0.57519E-01   0.59055E-01   0.60447E-01   0.61646E-01
    0.62606E-01   0.63284E-01   0.63644E-01   0.63660E-01   0.63314E-01
    0.62598E-01   0.61517E-01   0.60086E-01   0.58332E-01   0.56292E-01
    0.54011E-01   0.51542E-01   0.48945E-01   0.46280E-01   0.43611E-01
    0.40999E-01
