     1.0307        1.0304        1.0296        1.0281        1.0255    
     1.0211        1.0144        1.0046       0.99110       0.97303    
    0.94984       0.92094       0.88602       0.84490       0.79821    
    0.74637       0.69072       0.63300       0.57490       0.51857    
    0.46578       0.41817       0.37644       0.34102       0.31131    
    0.28640       0.26508       0.24580       0.22751       0.20955    
    0.19156       0.17376       0.15642       0.14027       0.12564    
    0.11281       0.10180       0.92417E-01   0.84284E-01   0.77029E-01
    0.70281E-01   0.63783E-01   0.57459E-01   0.51389E-01   0.45697E-01
    0.40541E-01   0.36043E-01   0.32235E-01   0.29094E-01   0.26477E-01
    0.24226E-01   0.22174E-01   0.20210E-01   0.18253E-01   0.16307E-01
    0.14422E-01   0.12674E-01   0.11135E-01   0.98546E-02   0.88382E-02
    0.80547E-02
