    0.73222E-01   0.73239E-01   0.73291E-01   0.73373E-01   0.73480E-01
    0.73602E-01   0.73729E-01   0.73851E-01   0.73955E-01   0.74027E-01
    0.74055E-01   0.74028E-01   0.73935E-01   0.73768E-01   0.73523E-01
    0.73196E-01   0.72790E-01   0.72311E-01   0.71767E-01   0.71173E-01
    0.70548E-01   0.69915E-01   0.69299E-01   0.68732E-01   0.68247E-01
    0.67879E-01   0.67665E-01   0.67642E-01   0.67845E-01   0.68307E-01
    0.69052E-01   0.70102E-01   0.71467E-01   0.73146E-01   0.75128E-01
    0.77387E-01   0.79885E-01   0.82568E-01   0.85372E-01   0.88220E-01
    0.91028E-01   0.93704E-01   0.96154E-01   0.98287E-01   0.10001    
    0.10126       0.10194       0.10203       0.10148       0.10027    
    0.98423E-01   0.95954E-01   0.92914E-01   0.89367E-01   0.85396E-01
    0.81093E-01   0.76562E-01   0.71911E-01   0.67251E-01   0.62688E-01
    0.58323E-01
