    0.41543E-01   0.41546E-01   0.41557E-01   0.41572E-01   0.41591E-01
    0.41612E-01   0.41630E-01   0.41644E-01   0.41648E-01   0.41642E-01
    0.41621E-01   0.41583E-01   0.41528E-01   0.41454E-01   0.41361E-01
    0.41252E-01   0.41130E-01   0.40997E-01   0.40860E-01   0.40726E-01
    0.40601E-01   0.40494E-01   0.40416E-01   0.40375E-01   0.40385E-01
    0.40457E-01   0.40602E-01   0.40833E-01   0.41162E-01   0.41600E-01
    0.42155E-01   0.42835E-01   0.43644E-01   0.44584E-01   0.45649E-01
    0.46832E-01   0.48118E-01   0.49488E-01   0.50917E-01   0.52374E-01
    0.53824E-01   0.55229E-01   0.56546E-01   0.57732E-01   0.58745E-01
    0.59545E-01   0.60095E-01   0.60363E-01   0.60326E-01   0.59967E-01
    0.59280E-01   0.58267E-01   0.56941E-01   0.55325E-01   0.53451E-01
    0.51357E-01   0.49091E-01   0.46704E-01   0.44250E-01   0.41786E-01
    0.39367E-01
