    0.69581       0.69622       0.69759       0.70041       0.70592    
    0.71753       0.71531       0.71514       0.72908       0.74151    
    0.77602       0.80362       0.83974       0.88542       0.94096    
     1.0049        1.0728        1.1513        1.2369        1.3131    
     1.4147        1.5152        1.6342        1.7540        1.8582    
     1.9703        2.0788        2.2036        2.2942        2.3949    
     2.4909        2.5804        2.6714        2.7420        2.7719    
     2.8579        2.8870        2.8927        2.8830        2.8829    
     2.8623        2.8300        2.7886        2.7298        2.6656    
     2.6032        2.5315        2.4521        2.3748        2.2944    
     2.2136        2.1369        2.0587        1.9882        1.9197    
     1.8558        1.7998        1.7471        1.6974        1.6503    
     1.6107    
