    0.41000       0.41080       0.41318       0.41715       0.42270    
    0.42983       0.43861       0.44943       0.46214       0.47658    
    0.49297       0.51099       0.53180       0.55541       0.58163    
    0.61004       0.64102       0.67494       0.71050       0.74831    
    0.79127       0.84070       0.89391       0.94927        1.0051    
     1.0659        1.1296        1.1960        1.2635        1.3327    
     1.4008        1.4669        1.5326        1.5950        1.6496    
     1.6994        1.7437        1.7779        1.8050        1.8193    
     1.8252        1.8195        1.8050        1.7825        1.7515    
     1.7106        1.6645        1.6138        1.5612        1.5066    
     1.4518        1.3982        1.3470        1.3009        1.2577    
     1.2182        1.1854        1.1580        1.1362        1.1166    
     1.1036    
