    0.63659E-01   0.63660E-01   0.63657E-01   0.63639E-01   0.63608E-01
    0.63649E-01   0.63730E-01   0.63788E-01   0.63813E-01   0.63808E-01
    0.63801E-01   0.63788E-01   0.63721E-01   0.63615E-01   0.63486E-01
    0.63176E-01   0.63117E-01   0.62883E-01   0.62661E-01   0.62419E-01
    0.62172E-01   0.61954E-01   0.61713E-01   0.61569E-01   0.61465E-01
    0.61440E-01   0.61498E-01   0.61645E-01   0.61968E-01   0.62385E-01
    0.62958E-01   0.63692E-01   0.64587E-01   0.65640E-01   0.66853E-01
    0.68204E-01   0.69655E-01   0.71262E-01   0.72889E-01   0.74532E-01
    0.76151E-01   0.77682E-01   0.79065E-01   0.80268E-01   0.81220E-01
    0.81866E-01   0.82194E-01   0.82142E-01   0.81680E-01   0.80786E-01
    0.79473E-01   0.77750E-01   0.75626E-01   0.73143E-01   0.70352E-01
    0.67270E-01   0.64000E-01   0.60593E-01   0.57117E-01   0.53661E-01
    0.50280E-01
