    0.62173E-01   0.62180E-01   0.62199E-01   0.62228E-01   0.62266E-01
    0.62307E-01   0.62348E-01   0.62383E-01   0.62408E-01   0.62417E-01
    0.62405E-01   0.62370E-01   0.62307E-01   0.62216E-01   0.62096E-01
    0.61949E-01   0.61778E-01   0.61587E-01   0.61383E-01   0.61174E-01
    0.60970E-01   0.60783E-01   0.60624E-01   0.60506E-01   0.60446E-01
    0.60457E-01   0.60554E-01   0.60753E-01   0.61067E-01   0.61509E-01
    0.62089E-01   0.62814E-01   0.63689E-01   0.64710E-01   0.65872E-01
    0.67162E-01   0.68559E-01   0.70038E-01   0.71566E-01   0.73104E-01
    0.74608E-01   0.76030E-01   0.77319E-01   0.78423E-01   0.79294E-01
    0.79883E-01   0.80148E-01   0.80056E-01   0.79580E-01   0.78704E-01
    0.77425E-01   0.75749E-01   0.73697E-01   0.71298E-01   0.68594E-01
    0.65636E-01   0.62482E-01   0.59197E-01   0.55847E-01   0.52501E-01
    0.49227E-01
