    0.96988       0.96990       0.96988       0.96960       0.96868    
    0.96661       0.96279       0.95659       0.94729       0.93404    
    0.91613       0.89284       0.86366       0.82825       0.78679    
    0.73968       0.68783       0.63294       0.57660       0.52100    
    0.46810       0.41970       0.37696       0.34041       0.30989    
    0.28458       0.26328       0.24452       0.22689       0.20969    
    0.19237       0.17500       0.15780       0.14155       0.12662    
    0.11342       0.10208       0.92481E-01   0.84294E-01   0.77121E-01
    0.70557E-01   0.64251E-01   0.58113E-01   0.52135E-01   0.46437E-01
    0.41190E-01   0.36543E-01   0.32577E-01   0.29305E-01   0.26610E-01
    0.24348E-01   0.22354E-01   0.20466E-01   0.18593E-01   0.16708E-01
    0.14841E-01   0.13065E-01   0.11460E-01   0.10090E-01   0.89846E-02
    0.81301E-02
