    0.52997E-30   0.53135E-30   0.53545E-30   0.54211E-30   0.55110E-30
    0.56208E-30   0.57465E-30   0.58834E-30   0.60264E-30   0.61703E-30
    0.63102E-30   0.64419E-30   0.65621E-30   0.66692E-30   0.67636E-30
    0.68477E-30   0.69272E-30   0.70102E-30   0.71082E-30   0.72360E-30
    0.74110E-30   0.76534E-30   0.79852E-30   0.84297E-30   0.90100E-30
    0.97480E-30   0.10663E-29   0.11770E-29   0.13079E-29   0.14593E-29
    0.16306E-29   0.18205E-29   0.20267E-29   0.22460E-29   0.24743E-29
    0.27071E-29   0.29389E-29   0.31641E-29   0.33771E-29   0.35721E-29
    0.37439E-29   0.38880E-29   0.40004E-29   0.40784E-29   0.41202E-29
    0.41254E-29   0.40944E-29   0.40291E-29   0.39322E-29   0.38073E-29
    0.36587E-29   0.34913E-29   0.33102E-29   0.31206E-29   0.29278E-29
    0.27367E-29   0.25518E-29   0.23771E-29   0.22159E-29   0.20708E-29
    0.19438E-29
