    0.49290       0.49351       0.49540       0.49863       0.50333    
    0.50967       0.51785       0.52809       0.54063       0.55568    
    0.57349       0.59425       0.61816       0.64540       0.67610    
    0.71040       0.74840       0.79017       0.83577       0.88520    
    0.93846       0.99545        1.0561        1.1201        1.1872    
     1.2570        1.3290        1.4026        1.4769        1.5512    
     1.6245        1.6955        1.7633        1.8264        1.8838    
     1.9343        1.9767        2.0101        2.0338        2.0473    
     2.0502        2.0428        2.0251        1.9980        1.9622    
     1.9189        1.8693        1.8149        1.7573        1.6979    
     1.6382        1.5796        1.5234        1.4705        1.4219    
     1.3780        1.3391        1.3055        1.2768        1.2527    
     1.2326    
