    0.75452E-01   0.75478E-01   0.75555E-01   0.75679E-01   0.75840E-01
    0.76028E-01   0.76230E-01   0.76431E-01   0.76614E-01   0.76761E-01
    0.76857E-01   0.76884E-01   0.76830E-01   0.76683E-01   0.76434E-01
    0.76081E-01   0.75625E-01   0.75073E-01   0.74435E-01   0.73732E-01
    0.72986E-01   0.72227E-01   0.71491E-01   0.70817E-01   0.70248E-01
    0.69832E-01   0.69616E-01   0.69647E-01   0.69971E-01   0.70628E-01
    0.71650E-01   0.73061E-01   0.74872E-01   0.77081E-01   0.79668E-01
    0.82600E-01   0.85824E-01   0.89270E-01   0.92855E-01   0.96481E-01
    0.10004       0.10342       0.10651       0.10919       0.11135    
    0.11291       0.11379       0.11392       0.11327       0.11184    
    0.10964       0.10670       0.10310       0.98913E-01   0.94244E-01
    0.89211E-01   0.83939E-01   0.78560E-01   0.73204E-01   0.67997E-01
    0.63055E-01
