    0.66477E-01   0.66480E-01   0.66488E-01   0.66486E-01   0.66455E-01
    0.66471E-01   0.66568E-01   0.66644E-01   0.66677E-01   0.66672E-01
    0.66665E-01   0.66658E-01   0.66579E-01   0.66451E-01   0.66292E-01
    0.65866E-01   0.65833E-01   0.65534E-01   0.65245E-01   0.64922E-01
    0.64588E-01   0.64279E-01   0.63957E-01   0.63699E-01   0.63498E-01
    0.63388E-01   0.63369E-01   0.63447E-01   0.63736E-01   0.64130E-01
    0.64707E-01   0.65467E-01   0.66438E-01   0.67583E-01   0.68927E-01
    0.70440E-01   0.72116E-01   0.73904E-01   0.75759E-01   0.77645E-01
    0.79512E-01   0.81289E-01   0.82902E-01   0.84315E-01   0.85450E-01
    0.86242E-01   0.86677E-01   0.86687E-01   0.86240E-01   0.85323E-01
    0.83925E-01   0.82058E-01   0.79761E-01   0.77070E-01   0.74043E-01
    0.70702E-01   0.67161E-01   0.63480E-01   0.59741E-01   0.56023E-01
    0.52406E-01
