     1.0261        1.0258        1.0251        1.0237        1.0212    
     1.0170        1.0105        1.0010       0.98787       0.97019    
    0.94742       0.91896       0.88449       0.84380       0.79752    
    0.74603       0.69065       0.63314       0.57516       0.51885    
    0.46604       0.41842       0.37654       0.34103       0.31125    
    0.28631       0.26499       0.24575       0.22752       0.20961    
    0.19167       0.17389       0.15655       0.14039       0.12573    
    0.11287       0.10183       0.92436E-01   0.84300E-01   0.77052E-01
    0.70318E-01   0.63835E-01   0.57522E-01   0.51457E-01   0.45762E-01
    0.40598E-01   0.36088E-01   0.32268E-01   0.29115E-01   0.26493E-01
    0.24242E-01   0.22186E-01   0.20236E-01   0.18285E-01   0.16343E-01
    0.14458E-01   0.12706E-01   0.11162E-01   0.98738E-02   0.88504E-02
    0.80615E-02
