Background: A = 12.5(14),  B = -0.022(12),  C = 0.0(0)
      Shape: R = 81(433),  Beta = 4.9(15),  Step = 0.0(0)
   position      width       height        area          centroid      energy
 1 1244(14)      10(3)       39(61)        607(56)       1240(7)       620(4)
 2 1232(14)      10(3)       38(60)        598(48)       1227(7)       614(4)
 3 1212(14)      10(3)       49(76)        766(52)       1208(7)       604(4)
 4 1193(14)      10(3)       48(76)        760(50)       1189(7)       595(4)
 5 1150(14)      10(3)       32(50)        499(49)       1146(7)       573(4)
 6 1135(14)      9(3)        76(121)       1197(68)      1131(7)       565(4)
 7 1117(14)      9(3)        8(12)         130(42)       1113(8)       557(4)
 8 1104(14)      9(3)        33(53)        523(43)       1100(7)       550(4)
 9 1084(14)      9(3)        43(67)        668(51)       1080(7)       540(4)
10 1061(14)      9(3)        24(38)        371(43)       1056(7)       528(4)
Background: A = 11.0(0),  B = 0.0(0),  C = 0.0(0)
      Shape: R = 21(7),  Beta = 11.3(18),  Step = 0.0(0)
   position      width       height        area          centroid      energy
 1 1017.6(6)     12.8(4)     50(4)         871(64)       1013.3(6)     506.6(3)
 2 1004.5(6)     12.8(4)     56(4)         983(62)       1000.2(7)     500.1(3)
 3 985.3(7)      12.8(4)     29.4(24)      512(38)       981.0(8)      490.5(4)
 4 957.4(5)      12.8(4)     79(4)         1367(77)      953.1(6)      476.6(3)
 5 944.9(9)      12.8(4)     37(5)         646(72)       940.6(8)      470.3(4)
 6 916.7(7)      12.8(4)     77(8)         1337(136)     912.4(7)      456.2(4)
 7 906.7(7)      12.8(4)     114(8)        1977(142)     902.4(6)      451.2(3)
 8 856.0(13)     12.7(4)     11.3(16)      196(28)       851.6(13)     425.8(7)
 9 838.2(21)     12.7(4)     5.8(14)       101(24)       833.9(21)     417.0(11)
Background: -1
Background: -1
Background: -1
Background: -1
Background: -1
Background: -1
Background: -1
Background: -1
Background: -1
Background: -1
Background: A = 15.0(0),  B = 0.0(0),  C = 0.0(0)
      Shape: R = 57(98),  Beta = 5.4(20),  Step = 0.0(0)
   position      width       height        area          centroid      energy
 1 577(4)        12.0(16)    70(15)        1171(59)      573.3(12)     0(0)
 2 554(4)        12.0(16)    26(5)         439(49)       550.8(18)     0(0)
 3 539(4)        12.0(16)    30(7)         503(39)       535.4(14)     0(0)      
 4 498(4)        11.9(16)    18(4)         294(28)       494.0(13)     0(0)
 5 466(4)        11.9(16)    19(5)         318(49)       462.3(16)     0(0)
 6 452(5)        11.9(16)    18(10)        304(152)      448(4)        0(0)
 7 444(4)        11.9(16)    20(11)        330(172)      440(3)        0(0)
 8 413(4)        11.9(16)    34(7)         569(52)       409.8(13)     0(0)
 9 399(4)        11.9(16)    14(4)         234(39)       395.7(21)     0(0)
10 379(4)        11.9(16)    11(3)         181(29)       375.3(21)     0(0)
11 361(4)        11.9(16)    18(4)         308(36)       357.4(18)     0(0)
12 345(4)        11.9(16)    23(6)         385(34)       341.5(16)     0(0)
13 322(4)        11.8(16)    34(8)         567(36)       318.0(12)     0(0)
Background: A = 12.0(0),  B = 0.0(0),  C = 0.0(0)
      Shape: R = 155(46),  Beta = 1.7(18),  Step = 0.0(0)
   position      width       height        area          centroid      energy
 1 297.8(23)     13.6(6)     16(3)         254(25)       295.3(11)     0(0)
 2 275.3(23)     13.6(6)     35(5)         567(32)       272.9(9)      0(0)
 3 252.7(22)     13.6(6)     37(5)         602(39)       250.2(11)     0(0)
 4 235.5(22)     13.6(6)     45(7)         730(51)       233.1(12)     0(0)
 5 222.3(21)     13.6(6)     25(5)         404(46)       219.8(16)     0(0)
 6 203.9(22)     13.5(6)     46(7)         743(36)       201.4(10)     0(0)
 7 183.2(21)     13.5(6)     31(5)         494(30)       180.7(11)     0(0)
 8 161.3(22)     13.5(6)     41(6)         659(34)       158.8(10)     0(0)
 9 141.4(22)     13.5(6)     20(3)         317(48)       138.9(19)     0(0)
10 128.5(20)     13.5(6)     34(6)         540(46)       126.0(16)     0(0)
11 111.1(22)     13.5(6)     71(11)        1130(80)      108.6(12)     0(0)
12 99(4)         13.5(6)     17(5)         266(65)       96(4)         0(0)
13 87(3)         13.5(6)     16(5)         256(76)       85(3)         0(0)
14 70.1(22)      13.5(6)     64(10)        1027(59)      67.6(11)      0(0)
15 56.2(24)      13.5(6)     34(6)         537(50)       53.7(18)      0(0)
16 43.1(23)      13.4(6)     32(6)         511(53)       40.6(15)      0(0)
17 25.5(24)      13.4(6)     75(12)        1197(45)      23.0(8)       0(0) 
