    0.48017       0.48078       0.48263       0.48583       0.49051    
    0.49689       0.50520       0.51572       0.52859       0.54307    
    0.56044       0.58086       0.60499       0.63275       0.66374    
    0.69857       0.73516       0.77726       0.81942       0.86711    
    0.91249       0.98223        1.0467        1.1066        1.1724    
     1.2368        1.3081        1.3812        1.4559        1.5295    
     1.6019        1.6727        1.7432        1.8014        1.8598    
     1.9066        1.9518        1.9830        2.0065        2.0210    
     2.0217        2.0133        1.9955        1.9716        1.9352    
     1.8914        1.8416        1.7874        1.7316        1.6738    
     1.6155        1.5583        1.5030        1.4518        1.4045    
     1.3607        1.3225        1.2895        1.2608        1.2378    
     1.2181    
