    0.55645E-01   0.55649E-01   0.55660E-01   0.55677E-01   0.55699E-01
    0.55721E-01   0.55743E-01   0.55760E-01   0.55769E-01   0.55768E-01
    0.55754E-01   0.55725E-01   0.55680E-01   0.55620E-01   0.55546E-01
    0.55461E-01   0.55368E-01   0.55273E-01   0.55182E-01   0.55101E-01
    0.55041E-01   0.55008E-01   0.55012E-01   0.55064E-01   0.55172E-01
    0.55347E-01   0.55597E-01   0.55931E-01   0.56357E-01   0.56880E-01
    0.57505E-01   0.58233E-01   0.59063E-01   0.59990E-01   0.61006E-01
    0.62098E-01   0.63249E-01   0.64438E-01   0.65639E-01   0.66822E-01
    0.67953E-01   0.68998E-01   0.69918E-01   0.70676E-01   0.71234E-01
    0.71560E-01   0.71621E-01   0.71393E-01   0.70856E-01   0.70000E-01
    0.68821E-01   0.67326E-01   0.65527E-01   0.63450E-01   0.61125E-01
    0.58591E-01   0.55893E-01   0.53081E-01   0.50208E-01   0.47328E-01
    0.44496E-01
