    0.77954       0.77959       0.77984       0.78064       0.78254    
    0.78629       0.79272       0.80267       0.81656       0.83863    
    0.86609       0.90086       0.94417       0.99608        1.0769    
     1.1454        1.2277        1.3333        1.4289        1.5284    
     1.6506        1.7730        1.9178        2.0625        2.2006    
     2.3231        2.4507        2.5958        2.6965        2.8163    
     2.9199        3.0150        3.1187        3.1944        3.2527    
     3.2855        3.3084        3.3211        3.2892        3.2792    
     3.2442        3.2005        3.1411        3.0699        2.9930    
     2.9118        2.8239        2.7367        2.6478        2.5504    
     2.4545        2.3706        2.2827        2.2038        2.1214    
     2.0497        1.9846        1.9249        1.8656        1.8088    
     1.7608    
