    0.65148E-01   0.65150E-01   0.65153E-01   0.65141E-01   0.65105E-01
    0.65136E-01   0.65226E-01   0.65293E-01   0.65322E-01   0.65316E-01
    0.65309E-01   0.65298E-01   0.65225E-01   0.65107E-01   0.64963E-01
    0.64596E-01   0.64548E-01   0.64281E-01   0.64025E-01   0.63742E-01
    0.63450E-01   0.63186E-01   0.62902E-01   0.62701E-01   0.62547E-01
    0.62478E-01   0.62496E-01   0.62606E-01   0.62910E-01   0.63313E-01
    0.63887E-01   0.64631E-01   0.65561E-01   0.66659E-01   0.67935E-01
    0.69365E-01   0.70938E-01   0.72625E-01   0.74364E-01   0.76129E-01
    0.77873E-01   0.79528E-01   0.81027E-01   0.82337E-01   0.83383E-01
    0.84103E-01   0.84488E-01   0.84469E-01   0.84016E-01   0.83115E-01
    0.81763E-01   0.79965E-01   0.77755E-01   0.75168E-01   0.72259E-01
    0.69046E-01   0.65639E-01   0.62092E-01   0.58479E-01   0.54892E-01
    0.51390E-01
