    0.72753E-01   0.72765E-01   0.72798E-01   0.72843E-01   0.72880E-01
    0.72906E-01   0.73042E-01   0.73201E-01   0.73294E-01   0.73291E-01
    0.73316E-01   0.73376E-01   0.73284E-01   0.73113E-01   0.72876E-01
    0.71899E-01   0.72178E-01   0.71682E-01   0.71181E-01   0.70617E-01
    0.70019E-01   0.69441E-01   0.69096E-01   0.68310E-01   0.67817E-01
    0.67490E-01   0.67297E-01   0.67218E-01   0.67504E-01   0.67947E-01
    0.68656E-01   0.69632E-01   0.71001E-01   0.72658E-01   0.74506E-01
    0.76693E-01   0.79107E-01   0.81712E-01   0.84435E-01   0.87180E-01
    0.89871E-01   0.92433E-01   0.94871E-01   0.96933E-01   0.98605E-01
    0.99798E-01   0.10047       0.10058       0.10005       0.98885E-01
    0.97086E-01   0.94681E-01   0.91715E-01   0.88257E-01   0.84416E-01
    0.80178E-01   0.75748E-01   0.71188E-01   0.66605E-01   0.62130E-01
    0.57822E-01
