    0.61993       0.62031       0.62156       0.62389       0.62766    
    0.63321       0.64027       0.64933       0.66088       0.67611    
    0.69566       0.72132       0.75369       0.79429       0.83884    
    0.88753       0.94191        1.0048        1.0727        1.1351    
     1.2442        1.3139        1.3999        1.4888        1.5788    
     1.6729        1.7693        1.8622        1.9571        2.0473    
     2.1372        2.2166        2.2902        2.3533        2.4083    
     2.4581        2.4894        2.5160        2.5272        2.5308    
     2.5183        2.4991        2.4667        2.4282        2.3805    
     2.3256        2.2630        2.1969        2.1273        2.0585    
     1.9877        1.9188        1.8521        1.7899        1.7303    
     1.6710        1.6223        1.5764        1.5351        1.4976    
     1.4665    
