    0.65948E-01   0.65951E-01   0.65957E-01   0.65953E-01   0.65920E-01
    0.65940E-01   0.66034E-01   0.66106E-01   0.66138E-01   0.66132E-01
    0.66125E-01   0.66116E-01   0.66040E-01   0.65916E-01   0.65763E-01
    0.65362E-01   0.65322E-01   0.65036E-01   0.64760E-01   0.64454E-01
    0.64137E-01   0.63847E-01   0.63540E-01   0.63305E-01   0.63124E-01
    0.63030E-01   0.63026E-01   0.63117E-01   0.63412E-01   0.63809E-01
    0.64384E-01   0.65137E-01   0.66090E-01   0.67215E-01   0.68531E-01
    0.70008E-01   0.71642E-01   0.73386E-01   0.75193E-01   0.77029E-01
    0.78844E-01   0.80571E-01   0.82136E-01   0.83507E-01   0.84605E-01
    0.85367E-01   0.85782E-01   0.85781E-01   0.85331E-01   0.84422E-01
    0.83043E-01   0.81204E-01   0.78944E-01   0.76296E-01   0.73318E-01
    0.70030E-01   0.66544E-01   0.62918E-01   0.59231E-01   0.55567E-01
    0.51996E-01
