    0.47743       0.47808       0.48005       0.48341       0.48826    
    0.49475       0.50306       0.51337       0.52589       0.54081    
    0.55833       0.57864       0.60191       0.62829       0.65794    
    0.69096       0.72748       0.76758       0.81132       0.85876    
    0.90991       0.96472        1.0231        1.0849        1.1498    
     1.2176        1.2876        1.3595        1.4323        1.5052    
     1.5774        1.6476        1.7147        1.7776        1.8348    
     1.8854        1.9281        1.9620        1.9863        2.0004    
     2.0042        1.9976        1.9808        1.9546        1.9197    
     1.8773        1.8287        1.7753        1.7186        1.6601    
     1.6014        1.5439        1.4887        1.4369        1.3893    
     1.3465        1.3089        1.2764        1.2490        1.2261    
     1.2073    
