    0.52924       0.52975       0.53135       0.53416       0.53837    
    0.54427       0.55220       0.56266       0.57467       0.58989    
    0.60839       0.63008       0.65581       0.68578       0.72299    
    0.75941       0.80539       0.85444       0.90497       0.90397    
     1.0061        1.0865        1.1507        1.2288        1.3022    
     1.3792        1.4518        1.5314        1.6121        1.6900    
     1.7603        1.8438        1.9118        1.9763        2.0325    
     2.0842        2.1197        2.1494        2.1696        2.1812    
     2.1780        2.1670        2.1444        2.1153        2.0767    
     2.0312        1.9759        1.9201        1.8603        1.8004    
     1.7386        1.6780        1.6193        1.5644        1.5135    
     1.4655        1.4234        1.3862        1.3538        1.3248    
     1.3018    
