Background: A = 0.67(5),  B = -0.0002(2),  C = 0.0(0)
      Shape: R = 34.6(14),  Beta = 9.33(12),  Step = 0.0(0)
   position      width       height        area          centroid      energy
 1 1812.31(10)   11.42(8)    1948(16)      33700(193)    1807.26(7)    903.63(3)
 2 1509.60(23)   11.26(8)    66.6(21)      1143(35)      1504.53(21)   752.27(11)
 3 1431.34(13)   11.22(8)    320(5)        5476(75)      1426.26(11)   713.13(5)
 4 1250.69(24)   11.13(8)    65.9(23)      1121(38)      1245.61(23)   622.80(12)
 5 1226.30(12)   11.11(8)    514(7)        8748(96)      1221.21(10)   610.60(5)
 6 1175.7(4)     11.09(8)    30.4(15)      516(25)       1170.6(4)     585.31(19)
Background: -1
Background: A = 0.03(9),  B = -0.0016(8),  C = 0.0(0)
      Shape: R = 34.60(0),  Beta = 9.330(0),  Step = 0.0(0)
   position      width       height        area          centroid      energy
 1 1055.49(23)   11.25(20)   58.2(21)      997(33)       1050.42(23)   525.21(11)
 2 1006.42(20)   11.22(20)   77.3(24)      1323(38)      1001.35(20)   500.67(10)
 3 919.6(16)     11.17(20)   1.7(4)        29(7)         914.6(16)     457.3(8)
 4 861.0(8)      11.14(20)   5.1(6)        87(10)        855.9(8)      428.0(4)
 5 805.3(3)      11.11(20)   34.3(18)      584(29)       800.2(3)      400.12(16)
 6 787.3(5)      11.10(20)   25.6(16)      435(27)       782.2(5)      391.11(24)
 7 735.7(3)      11.07(20)   29.5(15)      500(24)       730.6(3)      365.31(16)
Background: -1
Background: -1
Background: A = 0.86(19),  B = 0.026(7),  C = 0.0(0)
      Shape: R = 34.60(0),  Beta = 9.330(0),  Step = 0.0(0)
   position      width       height        area          centroid      energy
 1 579.1(9)      10.9(17)    7.2(11)       121(15)       574.0(9)      287.0(4)
Background: A = 0.13(13),  B = 0.0009(15),  C = 0.0(0)
      Shape: R = 34.60(0),  Beta = 9.330(0),  Step = 0.0(0)
   position      width       height        area          centroid      energy
 1 507.7(9)      9.35(22)    4.1(7)        62(10)        502.3(9)      251.2(5)
 2 488.3(7)      9.34(22)    7.5(9)        115(13)       483.0(7)      241.5(4)
 3 458.1(11)     9.32(22)    3.3(6)        51(9)         452.7(11)     226.4(5)
 4 424.3(8)      9.30(22)    5.1(7)        77(11)        418.9(8)      209.5(4)
 5 406.5(5)      9.29(22)    16.9(12)      258(18)       401.1(5)      200.57(23)
 6 378.40(16)    9.27(22)    143(4)        2175(49)      373.02(16)    186.51(8)
Background: A = 1.20(12),  B = -0.0035(14),  C = 0.0(0)
      Shape: R = 34.60(0),  Beta = 9.330(0),  Step = 0.0(0)
   position      width       height        area          centroid      energy
 1 296.1(16)     8.36(21)    2.1(6)        31(9)         290.6(16)     145.3(8)
 2 280.2(12)     8.35(21)    3.7(7)        53(10)        274.7(12)     137.3(6)
 3 247.9(12)     8.33(21)    3.5(7)        50(10)        242.4(12)     121.2(6)
 4 212.05(15)    8.31(21)    159(5)        2278(50)      206.49(15)    103.25(7)
