Background: A = 0.91(5),  B = -0.0007(2),  C = 0.0(0)
      Shape: R = 37.0(12),  Beta = 8.66(8),  Step = 0.0(0)
   position      width       height        area          centroid      energy
 1 1816.78(10)   11.35(5)    658(7)        11269(107)    1811.97(7)    905.99(4)
 2 1513.06(12)   11.20(5)    271(4)        4600(69)      1508.23(11)   754.12(5)
 3 1434.64(8)    11.16(5)    1759(13)      29769(177)    1429.81(5)    714.90(3)
 4 1254.9(4)     11.06(5)    21.5(14)      362(23)       1250.1(4)     625.04(21)
 5 1228.78(8)    11.05(5)    3393(21)      57084(250)    1223.93(5)    611.964(24)
 6 1178.33(20)   11.02(5)    137(3)        2297(54)      1173.48(18)   586.74(9)
 7 1144.5(10)    11.00(5)    8.0(10)       134(17)       1139.6(10)    569.8(5)
Background: A = 0.40(9),  B = -0.0012(8),  C = 0.0(0)
      Shape: R = 37.0(0),  Beta = 8.660(0),  Step = 0.0(0)
   position      width       height        area          centroid      energy
 1 1057.94(10)   10.56(8)    265(4)        4339(67)      1053.03(10)   526.51(5)
 2 1008.57(7)    10.53(8)    566(7)        9233(98)      1003.66(7)    501.83(4)
 3 922.1(5)      10.48(8)    11.1(9)       180(15)       917.2(5)      458.6(3)
 4 863.3(6)      10.45(8)    9.4(8)        153(14)       858.4(6)      429.2(3)
 5 810.98(20)    10.42(8)    74.8(25)      1213(39)      806.05(20)    403.03(10)
 6 788.66(14)    10.41(8)    167(4)        2703(55)      783.73(14)    391.86(7)
 7 732.3(3)      10.37(8)    41.6(17)      673(28)       727.3(3)      363.66(13)
Background: A = -0.4(4),  B = 0.028(10),  C = 0.0(0)
      Shape: R = 37.0(0),  Beta = 8.660(0),  Step = 0.0(0)
   position      width       height        area          centroid      energy
 1 664.26(6)     9.17(8)     953(10)       14317(125)    659.15(6)     329.57(3)
 2 626.74(12)    9.15(8)     221(5)        3322(67)      621.63(12)    310.81(6)
Background: A = 5.6(11),  B = 0.24(5),  C = 0.0(0)
      Shape: R = 37.0(0),  Beta = 8.660(0),  Step = 0.0(0)
   position      width       height        area          centroid      energy
 1 579.4(6)      11.2(11)    24.0(21)      408(39)       574.6(6)      287.3(3)
Background: -1
Background: -1
Background: -1
Background: -1
Background: -1
Background: -1
Background: A = 5.19(24),  B = -0.041(3),  C = 0.0(0)
      Shape: R = 23.3(20),  Beta = 8.5(3),  Step = 0.0(0)
   position      width       height        area          centroid      energy
 1 297.3(7)      9.94(11)    10.7(12)      147(16)       293.8(7)      146.9(3)
 2 280.0(5)      9.93(11)    20.9(16)      287(21)       276.6(5)      138.28(24)
 3 247.6(4)      9.90(11)    22.1(16)      303(22)       244.1(4)      122.07(22)
 4 211.29(12)    9.88(11)    892(12)       12225(119)    207.79(11)    103.89(5)
