Background: A = 0.0(0),  B = 0.0(0),  C = 0.0(0)                                                                    
      Shape: R = 5.0(15),  Beta = 172(220),  Step = 0.0(0)                                                           
   position      width       height        area          centroid      energy                                        
 1 1593.7(5)     19.2(5)     50(3)         1857(861)     1512(183)     756(91)                                       
 2 1573.6(6)     19.2(5)     53(3)         1979(932)     1492(183)     746(91)
Background: A = 0.0(0),  B = 0.0(0),  C = 0.0(0)
      Shape: R = 96(11090),  Beta = 7.0(0),  Step = 0.0(0)
   position      width       height        area          centroid      energy
 1 1233(574)     21(20)      20(599)       602(170)      1226(211)     613(105)
 2 1183(573)     21(20)      25(754)       756(215)      1176(211)     588(106)
 3 1147(573)     21(20)      14(409)       409(114)      1140(212)     570(106)
 4 1108(573)     21(20)      23(690)       689(192)      1102(212)     551(106)
 5 1071(572)     21(20)      9(279)        279(91)       1064(213)     532(106)
 6 1048(572)     21(20)      8(228)        226(64)       1042(213)     521(107)
 7 1024(572)     21(20)      5(150)        150(45)       1017(213)     509(107)
 8 1001(572)     21(20)      4(131)        130(38)       994(213)      497(106)
 9 958(572)      21(20)      13(407)       404(114)      951(213)      476(106)
10 913(572)      21(20)      10(303)       300(93)       906(213)      453(107)
11 892(571)      21(20)      6(172)        170(49)       885(213)      443(107)
12 846(571)      21(20)      11(342)       337(98)       839(213)      420(107)
13 814(571)      20(20)      5(159)        156(44)       807(214)      403(107)
14 776(571)      20(20)      9(288)        283(79)       769(214)      385(107)
















