Background: A = 0.0(0),  B = 0.0(0),  C = 0.0(0)
      Shape: R = 14(3),  Beta = 30(4),  Step = 0.0(0)
   position      width       height        area          centroid      energy
 1 1407.5(5)     16.9(4)     62(3)         1559(64)      1395.9(13)    697.9(7)
 2 1388.7(7)     16.9(4)     51(3)         1280(67)      1377.2(13)    688.6(7)
Background: A = 0.0(0),  B = 0.0(0),  C = 0.0(0)
      Shape: R = 10.4(16),  Beta = 43(6),  Step = 0.0(0)
   position      width       height        area          centroid      energy
 1 1059.9(4)     16.5(4)     32.1(14)      833(40)       1043(3)       521.4(14)
 2 1012.2(4)     16.4(4)     40.4(17)      1045(45)      995(3)        497.6(14)
 3 977.4(6)      16.4(4)     18.7(14)      485(33)       960(3)        480.1(14)
 4 939.2(4)      16.4(4)     37.5(17)      969(41)       922(3)        461.1(14)
 5 901.9(17)     16.4(4)     6.2(11)       160(27)       885(3)        442.4(16)
 6 879.4(21)     16.4(4)     5.7(11)       148(27)       862(3)        431.1(17)
 7 861(3)        16.4(4)     3.4(10)       89(24)        843(3)        421.7(17)
Background: -1
Background: A = 0.0(0),  B = 0.0(0),  C = 0.0(0)
      Shape: R = 10.4(16),  Beta = 43(6),  Step = 0.0(0)
   position      width       height        area          centroid      energy
 8 795.8(7)      16.3(4)     10.6(9)       274(21)       779(3)        389.3(15)
 9 751.0(11)     16.3(4)     10.9(13)      280(34)       734(3)        366.9(15)
10 735.5(19)     16.3(4)     6.3(13)       162(33)       718(3)        359.1(16)
11 690.7(6)      16.3(4)     16.1(10)      414(26)       674(3)        336.8(14)
12 659.2(21)     16.2(4)     3.0(7)        78(17)        642(3)        321.0(17)
13 623.0(7)      16.2(4)     12.9(9)       331(23)       606(3)        302.9(14)

