Background: A = 0.0(0),  B = 0.0(0),  C = 0.0(0)
      Shape: R = 10(3),  Beta = 64(29),  Step = 0.0(0)
   position      width       height        area          centroid      energy
 1 1591.8(8)     21.5(7)     21.0(14)      727(66)       1566(15)      783(8)
 2 1565.3(8)     21.5(7)     31.2(18)      1081(105)     1539(15)      770(8)
Background: A = 0.0(0),  B = 0.0(0),  C = 0.0(0)
      Shape: R = 43(18),  Beta = 20(5),  Step = 0.0(0)
   position      width       height        area          centroid      energy
 1 1233.8(18)    16.3(12)    10.2(10)      329(25)       1220(3)       610.0(15)
 2 1180.6(20)    16.3(12)    10.8(9)       348(24)       1167(3)       583.4(16)
 3 1140.5(21)    16.3(12)    5.4(7)        172(20)       1127(4)       563.3(18)
 4 1101.7(18)    16.2(12)    13.2(12)      424(28)       1088(3)       543.9(16)
 5 1062(6)       16.2(12)    2.9(21)       91(70)        1048(8)       524(4)
 6 1050(12)      16.2(12)    1.5(21)       49(66)        1036(13)      518(6)
 7 1027(3)       16.2(12)    3.0(7)        95(20)        1013(4)       506.4(21)
 8 1003(5)       16.2(12)    1.3(5)        41(15)        989(5)        494(3)
 9 954.4(21)     16.1(12)    4.9(5)        156(15)       941(3)        470.3(16)
10 909.0(22)     16.1(12)    4.2(6)        136(17)       895(4)        447.6(18)
11 883(4)        16.1(12)    1.7(5)        55(15)        869(4)        434.7(22)
12 846.0(21)     16.1(12)    4.7(6)        150(16)       832(3)        416.1(17)
13 812(3)        16.1(12)    2.3(5)        74(14)        798(4)        399.0(20)
14 777.3(20)     16.0(12)    4.8(6)        154(15)       763(3)        381.7(16)






