Background: A = 0.0(0),  B = 0.0(0),  C = 0.0(0)
      Shape: R = 10(3),  Beta = 42(15),  Step = 0.0(0)
   position      width       height        area          centroid      energy
 1 1593.0(7)     20.7(7)     27.0(17)      805(49)       1579(5)       789(3)
 2 1569.0(7)     20.7(7)     38.8(21)      1153(67)      1555(5)       777(3)
Background: A = 0.0(0),  B = 0.0(0),  C = 0.0(0)
      Shape: R = 33(25),  Beta = 17(10),  Step = 0.0(0)
   position      width       height        area          centroid      energy
 1 1231.9(21)    20.7(12)    16.1(12)      499(41)       1223(4)       611.5(19)
 2 1181.6(23)    20.7(12)    15.4(10)      477(28)       1173(4)       586.3(22)
 3 1142.4(20)    20.6(12)    8.6(10)       266(25)       1133(4)       566.7(21)
 4 1102.9(20)    20.6(12)    21.6(12)      668(41)       1094(4)       547.0(20)
 5 1067.1(25)    20.6(12)    6.8(14)       209(40)       1058(4)       529.1(22)
 6 1044(5)       20.6(12)    3.2(10)       98(29)        1036(6)       518(3)
 7 1021(5)       20.6(12)    2.5(8)        78(23)        1012(6)       506(3)
 8 996(3)        20.6(12)    3.0(6)        94(18)        987(5)        493.3(23)
 9 955.2(22)     20.5(12)    11.4(8)       351(25)       946(4)        473.1(20)
10 907.4(23)     20.5(12)    9.0(9)        278(28)       898(4)        449.2(22)
11 883(3)        20.5(12)    3.2(8)        98(23)        874(4)        437.2(21)
12 844(3)        20.5(12)    6.8(9)        208(27)       835(4)        417.6(22)
13 822(3)        20.5(12)    4.5(9)        138(25)       813(4)        406.5(19)
14 775.2(24)     20.4(12)    8.6(7)        265(19)       766(4)        383.1(22)
