    0.46674       0.46717       0.46845       0.47063       0.47379    
    0.47803       0.48345       0.49023       0.49850       0.50847    
    0.52031       0.53424       0.55045       0.56916       0.59057    
    0.61489       0.64231       0.67302       0.70721       0.74502    
    0.78660       0.83203       0.88134       0.93450       0.99138    
     1.0517        1.1152        1.1812        1.2491        1.3180    
     1.3869        1.4547        1.5202        1.5820        1.6388    
     1.6893        1.7323        1.7667        1.7917        1.8065    
     1.8109        1.8047        1.7882        1.7621        1.7270    
     1.6843        1.6351        1.5810        1.5236        1.4644    
     1.4052        1.3473        1.2923        1.2411        1.1948    
     1.1540        1.1192        1.0903        1.0673        1.0497    
     1.0369    
