    0.71676       0.71655       0.71565       0.71421       0.71488    
    0.71933       0.72685       0.73738       0.75121       0.76524    
    0.79665       0.82746       0.87052       0.91302       0.97315    
     1.0399        1.1115        1.1954        1.2848        1.3678    
     1.4750        1.5801        1.7060        1.8315        1.9493    
     2.0593        2.1745        2.3048        2.3968        2.5012    
     2.6007        2.6912        2.7703        2.8482        2.8956    
     2.9681        2.9936        3.0024        2.9882        2.9844    
     2.9608        2.9249        2.8817        2.8169        2.7491    
     2.6812        2.6073        2.5256        2.4444        2.3604    
     2.2749        2.1972        2.1166        2.0440        1.9717    
     1.9051        1.8479        1.7935        1.7411        1.6918    
     1.6498    
