    0.58616       0.58631       0.58678       0.58769       0.58923    
    0.59164       0.59525       0.60040       0.60749       0.61692    
    0.62910       0.64445       0.66335       0.68613       0.71311    
    0.74452       0.78054       0.82129       0.86684       0.91714    
    0.97212        1.0316        1.0953        1.1629        1.2339    
     1.3079        1.3841        1.4617        1.5398        1.6174    
     1.6934        1.7667        1.8358        1.8997        1.9570    
     2.0066        2.0475        2.0788        2.0997        2.1099    
     2.1093        2.0978        2.0759        2.0444        2.0040    
     1.9559        1.9016        1.8423        1.7798        1.7154    
     1.6509        1.5874        1.5265        1.4690        1.4161    
     1.3682        1.3257        1.2889        1.2576        1.2315    
     1.2100    
