    0.43757E-01   0.43763E-01   0.43783E-01   0.43815E-01   0.43855E-01
    0.43900E-01   0.43945E-01   0.43985E-01   0.44016E-01   0.44031E-01
    0.44025E-01   0.43994E-01   0.43935E-01   0.43844E-01   0.43721E-01
    0.43567E-01   0.43383E-01   0.43173E-01   0.42944E-01   0.42703E-01
    0.42460E-01   0.42228E-01   0.42019E-01   0.41850E-01   0.41738E-01
    0.41701E-01   0.41760E-01   0.41933E-01   0.42241E-01   0.42702E-01
    0.43332E-01   0.44144E-01   0.45148E-01   0.46346E-01   0.47735E-01
    0.49304E-01   0.51034E-01   0.52897E-01   0.54858E-01   0.56874E-01
    0.58894E-01   0.60864E-01   0.62724E-01   0.64415E-01   0.65877E-01
    0.67055E-01   0.67900E-01   0.68371E-01   0.68436E-01   0.68078E-01
    0.67288E-01   0.66076E-01   0.64461E-01   0.62477E-01   0.60170E-01
    0.57596E-01   0.54817E-01   0.51903E-01   0.48927E-01   0.45960E-01
    0.43074E-01
