    0.60856E-01   0.60862E-01   0.60879E-01   0.60906E-01   0.60940E-01
    0.60977E-01   0.61013E-01   0.61045E-01   0.61066E-01   0.61073E-01
    0.61062E-01   0.61028E-01   0.60971E-01   0.60888E-01   0.60779E-01
    0.60647E-01   0.60495E-01   0.60327E-01   0.60151E-01   0.59973E-01
    0.59803E-01   0.59651E-01   0.59530E-01   0.59452E-01   0.59430E-01
    0.59477E-01   0.59608E-01   0.59836E-01   0.60173E-01   0.60630E-01
    0.61216E-01   0.61937E-01   0.62795E-01   0.63789E-01   0.64911E-01
    0.66148E-01   0.67482E-01   0.68887E-01   0.70333E-01   0.71783E-01
    0.73196E-01   0.74527E-01   0.75728E-01   0.76750E-01   0.77548E-01
    0.78076E-01   0.78295E-01   0.78173E-01   0.77685E-01   0.76817E-01
    0.75564E-01   0.73932E-01   0.71941E-01   0.69618E-01   0.67003E-01
    0.64144E-01   0.61095E-01   0.57917E-01   0.54675E-01   0.51434E-01
    0.48258E-01
