    0.43365E-01   0.43371E-01   0.43389E-01   0.43417E-01   0.43452E-01
    0.43491E-01   0.43530E-01   0.43563E-01   0.43588E-01   0.43597E-01
    0.43588E-01   0.43556E-01   0.43497E-01   0.43410E-01   0.43295E-01
    0.43151E-01   0.42981E-01   0.42789E-01   0.42581E-01   0.42364E-01
    0.42148E-01   0.41944E-01   0.41764E-01   0.41622E-01   0.41536E-01
    0.41521E-01   0.41595E-01   0.41777E-01   0.42084E-01   0.42532E-01
    0.43138E-01   0.43912E-01   0.44863E-01   0.45992E-01   0.47297E-01
    0.48768E-01   0.50388E-01   0.52130E-01   0.53962E-01   0.55844E-01
    0.57729E-01   0.59567E-01   0.61302E-01   0.62878E-01   0.64240E-01
    0.65336E-01   0.66120E-01   0.66552E-01   0.66602E-01   0.66253E-01
    0.65496E-01   0.64339E-01   0.62800E-01   0.60908E-01   0.58708E-01
    0.56249E-01   0.53592E-01   0.50801E-01   0.47945E-01   0.45093E-01
    0.42312E-01
