    0.80800       0.80797       0.80802       0.80851       0.81006    
    0.81348       0.81971       0.82981       0.84488       0.86599    
    0.89419       0.93038       0.97536        1.0297        1.0939    
     1.1680        1.2521        1.3457        1.4485        1.5596    
     1.6780        1.8024        1.9315        2.0637        2.1973    
     2.3306        2.4617        2.5889        2.7103        2.8244    
     2.9296        3.0244        3.1076        3.1780        3.2348    
     3.2774        3.3052        3.3182        3.3162        3.2998    
     3.2694        3.2259        3.1705        3.1044        3.0291    
     2.9463        2.8576        2.7648        2.6695        2.5736    
     2.4784        2.3853        2.2956        2.2101        2.1296    
     2.0545        1.9852        1.9217        1.8638        1.8113    
     1.7635    
