    0.76201       0.76205       0.76228       0.76304       0.76486    
    0.76846       0.77468       0.78445       0.79874       0.81850    
    0.84464       0.87798       0.91920       0.96884        1.0273    
     1.0946        1.1710        1.2559        1.3492        1.4500    
     1.5576        1.6709        1.7887        1.9096        2.0323    
     2.1551        2.2766        2.3950        2.5089        2.6166    
     2.7167        2.8079        2.8888        2.9584        3.0158    
     3.0601        3.0909        3.1079        3.1108        3.1001    
     3.0760        3.0394        2.9911        2.9324        2.8646    
     2.7893        2.7080        2.6224        2.5343        2.4451    
     2.3564        2.2695        2.1856        2.1057        2.0305    
     1.9605        1.8960        1.8370        1.7834        1.7349    
     1.6910    
