    0.43871E-01   0.43878E-01   0.43899E-01   0.43931E-01   0.43973E-01
    0.44020E-01   0.44067E-01   0.44110E-01   0.44142E-01   0.44158E-01
    0.44154E-01   0.44124E-01   0.44064E-01   0.43972E-01   0.43847E-01
    0.43689E-01   0.43501E-01   0.43285E-01   0.43049E-01   0.42800E-01
    0.42549E-01   0.42307E-01   0.42090E-01   0.41912E-01   0.41792E-01
    0.41748E-01   0.41802E-01   0.41973E-01   0.42281E-01   0.42746E-01
    0.43385E-01   0.44211E-01   0.45233E-01   0.46454E-01   0.47870E-01
    0.49471E-01   0.51237E-01   0.53140E-01   0.55144E-01   0.57203E-01
    0.59267E-01   0.61279E-01   0.63179E-01   0.64906E-01   0.66399E-01
    0.67603E-01   0.68466E-01   0.68948E-01   0.69017E-01   0.68654E-01
    0.67853E-01   0.66621E-01   0.64981E-01   0.62966E-01   0.60624E-01
    0.58012E-01   0.55194E-01   0.52240E-01   0.49225E-01   0.46222E-01
    0.43303E-01
