    0.48796       0.48856       0.49037       0.49351       0.49812    
    0.50442       0.51267       0.52315       0.53596       0.55051    
    0.56806       0.58867       0.61318       0.64125       0.67302    
    0.70844       0.74590       0.78946       0.83247       0.87958    
    0.92613       0.99998        1.0614        1.1250        1.1915    
     1.2575        1.3297        1.4038        1.4793        1.5536    
     1.6263        1.6983        1.7689        1.8290        1.8853    
     1.9321        1.9771        2.0079        2.0309        2.0448    
     2.0455        2.0369        2.0183        1.9938        1.9571    
     1.9128        1.8623        1.8077        1.7515        1.6933    
     1.6345        1.5769        1.5211        1.4695        1.4215    
     1.3771        1.3383        1.3047        1.2754        1.2515    
     1.2314    
