    0.59555E-01   0.59560E-01   0.59576E-01   0.59600E-01   0.59631E-01
    0.59664E-01   0.59697E-01   0.59724E-01   0.59743E-01   0.59748E-01
    0.59736E-01   0.59705E-01   0.59651E-01   0.59575E-01   0.59477E-01
    0.59359E-01   0.59223E-01   0.59076E-01   0.58924E-01   0.58773E-01
    0.58634E-01   0.58515E-01   0.58429E-01   0.58386E-01   0.58399E-01
    0.58481E-01   0.58643E-01   0.58899E-01   0.59258E-01   0.59731E-01
    0.60325E-01   0.61044E-01   0.61891E-01   0.62863E-01   0.63951E-01
    0.65144E-01   0.66424E-01   0.67766E-01   0.69141E-01   0.70515E-01
    0.71848E-01   0.73098E-01   0.74220E-01   0.75169E-01   0.75901E-01
    0.76373E-01   0.76550E-01   0.76400E-01   0.75901E-01   0.75038E-01
    0.73807E-01   0.72214E-01   0.70277E-01   0.68023E-01   0.65488E-01
    0.62717E-01   0.59764E-01   0.56686E-01   0.53543E-01   0.50398E-01
    0.47313E-01
