    0.56288       0.56335       0.56480       0.56739       0.57131    
    0.57687       0.58441       0.59430       0.60694       0.62273    
    0.64202       0.66518       0.69248       0.72419       0.76048    
    0.80150       0.84730       0.89792       0.95328        1.0133    
     1.0777        1.1462        1.2186        1.2944        1.3729    
     1.4537        1.5360        1.6189        1.7015        1.7829    
     1.8619        1.9373        2.0081        2.0730        2.1308    
     2.1806        2.2212        2.2519        2.2722        2.2815    
     2.2799        2.2674        2.2445        2.2119        2.1707    
     2.1218        2.0668        2.0069        1.9439        1.8791    
     1.8140        1.7500        1.6883        1.6299        1.5755    
     1.5259        1.4812        1.4416        1.4069        1.3767    
     1.3506    
