    0.72146       0.72207       0.72387       0.72664       0.73028    
    0.73455       0.73903       0.74326       0.74670       0.74850    
    0.74779       0.74361       0.73494       0.72080       0.70044    
    0.67336       0.63967       0.59989       0.55524       0.50742    
    0.45858       0.41115       0.36681       0.32766       0.29445    
    0.26722       0.24565       0.22816       0.21337       0.19974    
    0.18616       0.17196       0.15703       0.14180       0.12681    
    0.11287       0.10048       0.89977E-01   0.81307E-01   0.74212E-01
    0.68230E-01   0.62871E-01   0.57751E-01   0.52631E-01   0.47456E-01
    0.42331E-01   0.37455E-01   0.33045E-01   0.29249E-01   0.26140E-01
    0.23670E-01   0.21707E-01   0.20068E-01   0.18576E-01   0.17093E-01
    0.15547E-01   0.13937E-01   0.12321E-01   0.10786E-01   0.94202E-02
    0.82853E-02
