    0.64985E-01   0.64987E-01   0.64989E-01   0.64976E-01   0.64940E-01
    0.64972E-01   0.65061E-01   0.65127E-01   0.65155E-01   0.65150E-01
    0.65143E-01   0.65131E-01   0.65059E-01   0.64942E-01   0.64800E-01
    0.64441E-01   0.64390E-01   0.64127E-01   0.63876E-01   0.63597E-01
    0.63311E-01   0.63052E-01   0.62773E-01   0.62579E-01   0.62431E-01
    0.62367E-01   0.62390E-01   0.62504E-01   0.62810E-01   0.63215E-01
    0.63788E-01   0.64531E-01   0.65456E-01   0.66548E-01   0.67817E-01
    0.69237E-01   0.70796E-01   0.72472E-01   0.74198E-01   0.75948E-01
    0.77677E-01   0.79317E-01   0.80802E-01   0.82099E-01   0.83134E-01
    0.83846E-01   0.84224E-01   0.84201E-01   0.83748E-01   0.82847E-01
    0.81501E-01   0.79711E-01   0.77512E-01   0.74937E-01   0.72042E-01
    0.68844E-01   0.65453E-01   0.61923E-01   0.58326E-01   0.54754E-01
    0.51266E-01
