    0.62531       0.62569       0.62687       0.62905       0.63252    
    0.63766       0.64491       0.65470       0.66729       0.67862    
    0.70332       0.72698       0.75836       0.79664       0.84108    
    0.89684       0.95318        1.0182        1.1108        1.1485    
     1.2329        1.3191        1.4126        1.5129        1.6046    
     1.6939        1.7905        1.9033        1.9811        2.0696    
     2.1574        2.2412        2.3380        2.4056        2.4462    
     2.4831        2.4771        2.5608        2.5650        2.5680    
     2.5531        2.5344        2.5024        2.4572        2.4036    
     2.3523        2.2879        2.2186        2.1475        2.0813    
     2.0106        1.9388        1.8698        1.8058        1.7462    
     1.6896        1.6422        1.5956        1.5524        1.5133    
     1.4806    
