    0.61960       0.61993       0.62101       0.62302       0.62627    
    0.63115       0.63816       0.64782       0.66067       0.67726    
    0.69810       0.72366       0.75434       0.79047       0.83226    
    0.87988       0.93335       0.99262        1.0575        1.1279    
     1.2032        1.2831        1.3670        1.4542        1.5440    
     1.6355        1.7277        1.8197        1.9103        1.9985    
     2.0830        2.1626        2.2361        2.3025        2.3605    
     2.4091        2.4476        2.4753        2.4916        2.4964    
     2.4896        2.4716        2.4429        2.4043        2.3570    
     2.3021        2.2410        2.1753        2.1064        2.0359    
     1.9652        1.8957        1.8285        1.7648        1.7051    
     1.6501        1.6002        1.5553        1.5154        1.4801    
     1.4489    
