    0.44149E-01   0.44157E-01   0.44180E-01   0.44216E-01   0.44262E-01
    0.44315E-01   0.44368E-01   0.44416E-01   0.44454E-01   0.44476E-01
    0.44475E-01   0.44447E-01   0.44386E-01   0.44292E-01   0.44161E-01
    0.43994E-01   0.43793E-01   0.43563E-01   0.43308E-01   0.43039E-01
    0.42765E-01   0.42500E-01   0.42258E-01   0.42057E-01   0.41916E-01
    0.41856E-01   0.41898E-01   0.42065E-01   0.42378E-01   0.42858E-01
    0.43523E-01   0.44388E-01   0.45461E-01   0.46748E-01   0.48243E-01
    0.49934E-01   0.51802E-01   0.53815E-01   0.55935E-01   0.58114E-01
    0.60297E-01   0.62425E-01   0.64434E-01   0.66259E-01   0.67836E-01
    0.69108E-01   0.70020E-01   0.70530E-01   0.70606E-01   0.70229E-01
    0.69392E-01   0.68107E-01   0.66395E-01   0.64295E-01   0.61856E-01
    0.59140E-01   0.56213E-01   0.53151E-01   0.50031E-01   0.46929E-01
    0.43921E-01
