    0.61264E-01   0.61269E-01   0.61281E-01   0.61298E-01   0.61317E-01
    0.61331E-01   0.61333E-01   0.61316E-01   0.61272E-01   0.61193E-01
    0.61071E-01   0.60899E-01   0.60672E-01   0.60386E-01   0.60041E-01
    0.59636E-01   0.59176E-01   0.58668E-01   0.58121E-01   0.57548E-01
    0.56963E-01   0.56387E-01   0.55839E-01   0.55344E-01   0.54926E-01
    0.54613E-01   0.54432E-01   0.54409E-01   0.54572E-01   0.54944E-01
    0.55544E-01   0.56388E-01   0.57482E-01   0.58827E-01   0.60412E-01
    0.62218E-01   0.64216E-01   0.66362E-01   0.68607E-01   0.70891E-01
    0.73145E-01   0.75299E-01   0.77276E-01   0.79002E-01   0.80407E-01
    0.81427E-01   0.82007E-01   0.82106E-01   0.81697E-01   0.80767E-01
    0.79324E-01   0.77390E-01   0.75003E-01   0.72220E-01   0.69108E-01
    0.65744E-01   0.62216E-01   0.58612E-01   0.55024E-01   0.51539E-01
    0.48240E-01
