POSITION sPOSITION WIDTH sWIDTH HEIGHT sHEIGHT AREA sAREA CENTROID sCENTROID ENERGY sENERGY A sA B sB C sC R sR BETA sBETA S sS
1843.4 0.3 13.7 0.3 109 3 1982 52 1838.8 0.5 919.4 0.3 4.0 0.0 0.0 0.0 0.0 0.0 14 3 14.7 2.0 14.7 2.0
1803.6 0.4 13.7 0.3 43.4 2.1 785 34 1799.1 0.6 899.5 0.3 4.0 0.0 0.0 0.0 0.0 0.0 14 3 14.7 2.0 14.7 2.0
1754.2 0.3 13.7 0.3 85 3 1529 43 1749.6 0.5 874.8 0.3 4.0 0.0 0.0 0.0 0.0 0.0 14 3 14.7 2.0 14.7 2.0
1235.8 1.0 10.3 0.9 30 3 508 71 1230.0 2.2 615.0 1.1 3.0 2.1 0.006 0.017 0.0 0.0 40 23 9 4 9 4
1220.8 1.0 10.3 0.9 24 3 406 48 1215.0 2.2 607.5 1.1 3.0 2.1 0.006 0.017 0.0 0.0 40 23 9 4 9 4
1201.2 1.1 10.3 0.9 34 3 583 50 1195.4 2.4 597.7 1.2 3.0 2.1 0.006 0.017 0.0 0.0 40 23 9 4 9 4
1183.4 1.1 10.3 0.9 29 3 503 42 1177.6 2.3 588.8 1.1 3.0 2.1 0.006 0.017 0.0 0.0 40 23 9 4 9 4
1142.4 1.2 10.3 0.9 17 3 292 58 1136.6 2.3 568.3 1.1 3.0 2.1 0.006 0.017 0.0 0.0 40 23 9 4 9 4
1126.0 1.1 10.3 0.9 54 5 925 107 1120.1 2.3 560.1 1.1 3.0 2.1 0.006 0.017 0.0 0.0 40 23 9 4 9 4
1104 5 10.2 0.9 4 3 72 53 1098 6 549 3 3.0 2.1 0.006 0.017 0.0 0.0 40 23 9 4 9 4
1094.3 1.4 10.2 0.9 24 4 402 70 1089 3 544.3 1.3 3.0 2.1 0.006 0.017 0.0 0.0 40 23 9 4 9 4
1073.3 1.2 10.2 0.9 29 3 498 79 1067.5 2.5 533.7 1.2 3.0 2.1 0.006 0.017 0.0 0.0 40 23 9 4 9 4
0 0 0 0 0 0 0 0 0 0 0 0 0 0 0 0 0 0 0 0 0 0 0 0
0 0 0 0 0 0 0 0 0 0 0 0 0 0 0 0 0 0 0 0 0 0 0 0
0 0 0 0 0 0 0 0 0 0 0 0 0 0 0 0 0 0 0 0 0 0 0 0
0 0 0 0 0 0 0 0 0 0 0 0 0 0 0 0 0 0 0 0 0 0 0 0
0 0 0 0 0 0 0 0 0 0 0 0 0 0 0 0 0 0 0 0 0 0 0 0
0 0 0 0 0 0 0 0 0 0 0 0 0 0 0 0 0 0 0 0 0 0 0 0
920 18 10.0 0.0 56 157 1492 57 911 27 455 14 5.0 0.0 0.0 0.0 0.0 0.0 99 463 9.8 0.5 9.8 0.5
902 18 10.0 0.0 55 153 1457 55 893 27 446 14 5.0 0.0 0.0 0.0 0.0 0.0 99 463 9.8 0.5 9.8 0.5
853 18 10.0 0.0 10 27 253 24 843 27 422 14 5.0 0.0 0.0 0.0 0.0 0.0 99 463 9.8 0.5 9.8 0.5
833 18 10.0 0.0 3 10 91 20 823 27 411 14 5.0 0.0 0.0 0.0 0.0 0.0 99 463 9.8 0.5 9.8 0.5
800 18 10.0 0.0 19 53 509 30 790 27 395 14 5.0 0.0 0.0 0.0 0.0 0.0 99 463 9.8 0.5 9.8 0.5
778 15 7.4 0.8 23 73 568 77 768 31 384 15 5.0 0.0 0.0 0.0 0.0 0.0 99 463 9.8 0.5 9.8 0.5
769 15 7.4 0.8 11 35 276 73 759 31 380 15 5.0 0.0 0.0 0.0 0.0 0.0 99 463 9.8 0.5 9.8 0.5
753 18 10.0 0.0 14 39 369 42 743 27 372 13 5.0 0.0 0.0 0.0 0.0 0.0 99 463 9.8 0.5 9.8 0.5
738 19 10.0 0.0 5 13 127 38 728 27 364 13 5.0 0.0 0.0 0.0 0.0 0.0 99 463 9.8 0.5 9.8 0.5
723 18 10.0 0.0 22 61 578 38 713 27 356 14 5.0 0.0 0.0 0.0 0.0 0.0 99 463 9.8 0.5 9.8 0.5
695 18 10.0 0.0 35 97 920 37 685 27 342 14 5.0 0.0 0.0 0.0 0.0 0.0 99 463 9.8 0.5 9.8 0.5
666 15 7.4 0.8 6 18 139 23 657 31 328 15 5.0 0.0 0.0 0.0 0.0 0.0 99 463 9.8 0.5 9.8 0.5
649 15 7.4 0.8 12 38 293 52 639 31 320 15 5.0 0.0 0.0 0.0 0.0 0.0 99 463 9.8 0.5 9.8 0.5
640 14 7.3 0.8 22 70 547 55 630 31 315 15 5.0 0.0 0.0 0.0 0.0 0.0 99 463 9.8 0.5 9.8 0.5
570.1 1.0 14.0 0.7 35.8 2.2 630 53 567.1 1.7 283.5 0.9 6.2 0.6 0.0 0.0 0.0 0.0 18 23 10 9 10 9
551.3 1.5 13.9 0.7 10.6 1.8 186 29 548.2 2.0 274.1 1.0 6.2 0.6 0.0 0.0 0.0 0.0 18 23 10 9 10 9
533.4 1.1 13.9 0.7 20.3 1.8 358 31 530.3 1.8 265.2 0.9 6.2 0.6 0.0 0.0 0.0 0.0 18 23 10 9 10 9
490.7 1.5 13.9 0.7 12.7 1.4 222 29 487.7 2.2 243.8 1.1 6.2 0.6 0.0 0.0 0.0 0.0 18 23 10 9 10 9
471 5 13.9 0.7 4.0 2.5 71 43 468 5 234 3 6.2 0.6 0.0 0.0 0.0 0.0 18 23 10 9 10 9
458.5 1.8 13.9 0.7 16 3 277 47 455.5 2.4 227.7 1.2 6.2 0.6 0.0 0.0 0.0 0.0 18 23 10 9 10 9
440.4 1.1 13.9 0.7 27.4 2.1 480 38 437.3 1.8 218.7 0.9 6.2 0.6 0.0 0.0 0.0 0.0 18 23 10 9 10 9
407.3 1.3 13.9 0.7 23 3 407 49 404.2 2.2 202.1 1.1 6.2 0.6 0.0 0.0 0.0 0.0 18 23 10 9 10 9
394.1 1.7 13.8 0.7 13 3 231 42 391.1 2.2 195.5 1.1 6.2 0.6 0.0 0.0 0.0 0.0 18 23 10 9 10 9
371.8 1.4 13.8 0.7 12.4 1.7 216 30 368.7 2.2 184.4 1.1 6.2 0.6 0.0 0.0 0.0 0.0 18 23 10 9 10 9
355.3 1.4 13.8 0.7 13.0 1.7 228 29 352.3 2.1 176.1 1.0 6.2 0.6 0.0 0.0 0.0 0.0 18 23 10 9 10 9
336.6 1.3 13.8 0.7 12.3 1.5 214 26 333.6 2.0 166.8 1.0 6.2 0.6 0.0 0.0 0.0 0.0 18 23 10 9 10 9
314.4 1.1 13.8 0.7 21.5 1.6 375 31 311.3 1.9 155.7 0.9 6.2 0.6 0.0 0.0 0.0 0.0 18 23 10 9 10 9
291.7 1.3 12.50 0.0 8.0 1.2 130 20 288.8 1.3 144.4 0.6 8.0 0.0 0.0 0.0 0.0 0.0 29.0 0.0 7.0 0.0 7.0 0.0
272.3 0.8 12.50 0.0 14.4 1.4 235 23 269.4 0.8 134.7 0.4 8.0 0.0 0.0 0.0 0.0 0.0 29.0 0.0 7.0 0.0 7.0 0.0
248.3 0.6 12.50 0.0 23.6 1.7 383 27 245.4 0.6 122.7 0.3 8.0 0.0 0.0 0.0 0.0 0.0 29.0 0.0 7.0 0.0 7.0 0.0
228.1 0.6 12.50 0.0 31.1 2.0 505 33 225.2 0.6 112.6 0.3 8.0 0.0 0.0 0.0 0.0 0.0 29.0 0.0 7.0 0.0 7.0 0.0
211.5 1.7 12.40 0.0 11.6 1.9 187 30 208.6 1.7 104.3 0.9 8.0 0.0 0.0 0.0 0.0 0.0 29.0 0.0 7.0 0.0 7.0 0.0
197.0 0.7 12.40 0.0 27.3 2.1 441 35 194.1 0.7 97.0 0.4 8.0 0.0 0.0 0.0 0.0 0.0 29.0 0.0 7.0 0.0 7.0 0.0
177.7 0.8 12.40 0.0 18.4 1.6 297 26 174.7 0.8 87.4 0.4 8.0 0.0 0.0 0.0 0.0 0.0 29.0 0.0 7.0 0.0 7.0 0.0
155.6 0.7 12.40 0.0 24.8 2.0 400 32 152.7 0.7 76.3 0.3 8.0 0.0 0.0 0.0 0.0 0.0 29.0 0.0 7.0 0.0 7.0 0.0
141 3 12.30 0.0 6.5 1.6 104 26 138 3 68.8 1.3 8.0 0.0 0.0 0.0 0.0 0.0 29.0 0.0 7.0 0.0 7.0 0.0
124.3 0.6 12.40 0.0 25.9 1.9 418 30 121.3 0.6 60.7 0.3 8.0 0.0 0.0 0.0 0.0 0.0 29.0 0.0 7.0 0.0 7.0 0.0
103.9 0.4 12.40 0.0 47.3 2.3 764 38 101.0 0.4 50.50 0.21 8.0 0.0 0.0 0.0 0.0 0.0 29.0 0.0 7.0 0.0 7.0 0.0
87.3 2.4 12.30 0.0 8.6 1.9 137 31 84.3 2.4 42.2 1.2 8.0 0.0 0.0 0.0 0.0 0.0 29.0 0.0 7.0 0.0 7.0 0.0
72 7 12.40 0.0 6 6 98 102 69 7 35 4 8.0 0.0 0.0 0.0 0.0 0.0 29.0 0.0 7.0 0.0 7.0 0.0
63.0 1.2 12.30 0.0 42 7 672 106 60.0 1.2 30.0 0.6 8.0 0.0 0.0 0.0 0.0 0.0 29.0 0.0 7.0 0.0 7.0 0.0
46 3 12.30 0.0 18 11 285 169 43 3 21.4 1.7 8.0 0.0 0.0 0.0 0.0 0.0 29.0 0.0 7.0 0.0 7.0 0.0
38 5 12.30 0.0 11 11 171 172 35 5 18 3 8.0 0.0 0.0 0.0 0.0 0.0 29.0 0.0 7.0 0.0 7.0 0.0
21.8 0.6 12.30 0.0 30.9 2.2 496 35 18.8 0.6 9.4 0.3 8.0 0.0 0.0 0.0 0.0 0.0 29.0 0.0 7.0 0.0 7.0 0.0
