POSITION sPOSITION WIDTH sWIDTH HEIGHT sHEIGHT AREA sAREA CENTROID sCENTROID ENERGY sENERGY A sA B sB C sC R sR BETA sBETA S sS
1860 4 13.6 1.1 150 54 4108 85 1851 4 925.4 1.8 0.0 0.0 0.0 0.0 0.0 0.0 80 71 10.3 0.4 10.3 0.4
1819 4 13.5 1.1 55 20 1509 50 1809 4 904.7 1.8 0.0 0.0 0.0 0.0 0.0 0.0 80 71 10.3 0.4 10.3 0.4
1770 4 13.5 1.1 116 42 3173 71 1761 4 880.3 1.8 0.0 0.0 0.0 0.0 0.0 0.0 80 71 10.3 0.4 10.3 0.4
1244 14 10 3 39 61 607 56 1240 7 620 4 12.5 1.4 -0.022 0.012 0.0 0.0 81 433 4.9 1.5 4.9 1.5
1232 14 10 3 38 60 598 48 1227 7 614 4 12.5 1.4 -0.022 0.012 0.0 0.0 81 433 4.9 1.5 4.9 1.5
1212 14 10 3 49 76 766 52 1208 7 604 4 12.5 1.4 -0.022 0.012 0.0 0.0 81 433 4.9 1.5 4.9 1.5
1193 14 10 3 48 76 760 50 1189 7 595 4 12.5 1.4 -0.022 0.012 0.0 0.0 81 433 4.9 1.5 4.9 1.5
1150 14 10 3 32 50 499 49 1146 7 573 4 12.5 1.4 -0.022 0.012 0.0 0.0 81 433 4.9 1.5 4.9 1.5
1135 14 9 3 76 121 1197 68 1131 7 565 4 12.5 1.4 -0.022 0.012 0.0 0.0 81 433 4.9 1.5 4.9 1.5
1117 14 9 3 8 12 130 42 1113 8 557 4 12.5 1.4 -0.022 0.012 0.0 0.0 81 433 4.9 1.5 4.9 1.5
1104 14 9 3 33 53 523 43 1100 7 550 4 12.5 1.4 -0.022 0.012 0.0 0.0 81 433 4.9 1.5 4.9 1.5
1084 14 9 3 43 67 668 51 1080 7 540 4 12.5 1.4 -0.022 0.012 0.0 0.0 81 433 4.9 1.5 4.9 1.5
1061 14 9 3 24 38 371 43 1056 7 528 4 12.5 1.4 -0.022 0.012 0.0 0.0 81 433 4.9 1.5 4.9 1.5
1017.6 0.6 12.8 0.4 50 4 871 64 1013.3 0.6 506.6 0.3 11.0 0.0 0.0 0.0 0.0 0.0 21 7 11.3 1.8 11.3 1.8
1004.5 0.6 12.8 0.4 56 4 983 62 1000.2 0.7 500.1 0.3 11.0 0.0 0.0 0.0 0.0 0.0 21 7 11.3 1.8 11.3 1.8
985.3 0.7 12.8 0.4 29.4 2.4 512 38 981.0 0.8 490.5 0.4 11.0 0.0 0.0 0.0 0.0 0.0 21 7 11.3 1.8 11.3 1.8
957.4 0.5 12.8 0.4 79 4 1367 77 953.1 0.6 476.6 0.3 11.0 0.0 0.0 0.0 0.0 0.0 21 7 11.3 1.8 11.3 1.8
944.9 0.9 12.8 0.4 37 5 646 72 940.6 0.8 470.3 0.4 11.0 0.0 0.0 0.0 0.0 0.0 21 7 11.3 1.8 11.3 1.8
916.7 0.7 12.8 0.4 77 8 1337 136 912.4 0.7 456.2 0.4 11.0 0.0 0.0 0.0 0.0 0.0 21 7 11.3 1.8 11.3 1.8
906.7 0.7 12.8 0.4 114 8 1977 142 902.4 0.6 451.2 0.3 11.0 0.0 0.0 0.0 0.0 0.0 21 7 11.3 1.8 11.3 1.8
856.0 1.3 12.7 0.4 11.3 1.6 196 28 851.6 1.3 425.8 0.7 11.0 0.0 0.0 0.0 0.0 0.0 21 7 11.3 1.8 11.3 1.8
838.2 2.1 12.7 0.4 5.8 1.4 101 24 833.9 2.1 417.0 1.1 11.0 0.0 0.0 0.0 0.0 0.0 21 7 11.3 1.8 11.3 1.8
0 0 0 0 0 0 0 0 0 0 0 0 0 0 0 0 0 0 0 0 0 0 0 0
0 0 0 0 0 0 0 0 0 0 0 0 0 0 0 0 0 0 0 0 0 0 0 0
0 0 0 0 0 0 0 0 0 0 0 0 0 0 0 0 0 0 0 0 0 0 0 0
0 0 0 0 0 0 0 0 0 0 0 0 0 0 0 0 0 0 0 0 0 0 0 0
0 0 0 0 0 0 0 0 0 0 0 0 0 0 0 0 0 0 0 0 0 0 0 0
0 0 0 0 0 0 0 0 0 0 0 0 0 0 0 0 0 0 0 0 0 0 0 0
0 0 0 0 0 0 0 0 0 0 0 0 0 0 0 0 0 0 0 0 0 0 0 0
0 0 0 0 0 0 0 0 0 0 0 0 0 0 0 0 0 0 0 0 0 0 0 0
0 0 0 0 0 0 0 0 0 0 0 0 0 0 0 0 0 0 0 0 0 0 0 0
0 0 0 0 0 0 0 0 0 0 0 0 0 0 0 0 0 0 0 0 0 0 0 0
577 4 12.0 1.6 70 15 1171 59 573.3 1.2 0 0 15.0 0.0 0.0 0.0 0.0 0.0 57 98 5.4 2.0 5.4 2.0
554 4 12.0 1.6 26 5 439 49 550.8 1.8 0 0 15.0 0.0 0.0 0.0 0.0 0.0 57 98 5.4 2.0 5.4 2.0
539 4 12.0 1.6 30 7 503 39 535.4 1.4 0 0 15.0 0.0 0.0 0.0 0.0 0.0 57 98 5.4 2.0 5.4 2.0
498 4 11.9 1.6 18 4 294 28 494.0 1.3 0 0 15.0 0.0 0.0 0.0 0.0 0.0 57 98 5.4 2.0 5.4 2.0
466 4 11.9 1.6 19 5 318 49 462.3 1.6 0 0 15.0 0.0 0.0 0.0 0.0 0.0 57 98 5.4 2.0 5.4 2.0
452 5 11.9 1.6 18 10 304 152 448 4 0 0 15.0 0.0 0.0 0.0 0.0 0.0 57 98 5.4 2.0 5.4 2.0
444 4 11.9 1.6 20 11 330 172 440 3 0 0 15.0 0.0 0.0 0.0 0.0 0.0 57 98 5.4 2.0 5.4 2.0
413 4 11.9 1.6 34 7 569 52 409.8 1.3 0 0 15.0 0.0 0.0 0.0 0.0 0.0 57 98 5.4 2.0 5.4 2.0
399 4 11.9 1.6 14 4 234 39 395.7 2.1 0 0 15.0 0.0 0.0 0.0 0.0 0.0 57 98 5.4 2.0 5.4 2.0
379 4 11.9 1.6 11 3 181 29 375.3 2.1 0 0 15.0 0.0 0.0 0.0 0.0 0.0 57 98 5.4 2.0 5.4 2.0
361 4 11.9 1.6 18 4 308 36 357.4 1.8 0 0 15.0 0.0 0.0 0.0 0.0 0.0 57 98 5.4 2.0 5.4 2.0
345 4 11.9 1.6 23 6 385 34 341.5 1.6 0 0 15.0 0.0 0.0 0.0 0.0 0.0 57 98 5.4 2.0 5.4 2.0
322 4 11.8 1.6 34 8 567 36 318.0 1.2 0 0 15.0 0.0 0.0 0.0 0.0 0.0 57 98 5.4 2.0 5.4 2.0
297.8 2.3 13.6 0.6 16 3 254 25 295.3 1.1 0 0 12.0 0.0 0.0 0.0 0.0 0.0 155 46 1.7 1.8 1.7 1.8
275.3 2.3 13.6 0.6 35 5 567 32 272.9 0.9 0 0 12.0 0.0 0.0 0.0 0.0 0.0 155 46 1.7 1.8 1.7 1.8
252.7 2.2 13.6 0.6 37 5 602 39 250.2 1.1 0 0 12.0 0.0 0.0 0.0 0.0 0.0 155 46 1.7 1.8 1.7 1.8
235.5 2.2 13.6 0.6 45 7 730 51 233.1 1.2 0 0 12.0 0.0 0.0 0.0 0.0 0.0 155 46 1.7 1.8 1.7 1.8
222.3 2.1 13.6 0.6 25 5 404 46 219.8 1.6 0 0 12.0 0.0 0.0 0.0 0.0 0.0 155 46 1.7 1.8 1.7 1.8
203.9 2.2 13.5 0.6 46 7 743 36 201.4 1.0 0 0 12.0 0.0 0.0 0.0 0.0 0.0 155 46 1.7 1.8 1.7 1.8
183.2 2.1 13.5 0.6 31 5 494 30 180.7 1.1 0 0 12.0 0.0 0.0 0.0 0.0 0.0 155 46 1.7 1.8 1.7 1.8
161.3 2.2 13.5 0.6 41 6 659 34 158.8 1.0 0 0 12.0 0.0 0.0 0.0 0.0 0.0 155 46 1.7 1.8 1.7 1.8
141.4 2.2 13.5 0.6 20 3 317 48 138.9 1.9 0 0 12.0 0.0 0.0 0.0 0.0 0.0 155 46 1.7 1.8 1.7 1.8
128.5 2.0 13.5 0.6 34 6 540 46 126.0 1.6 0 0 12.0 0.0 0.0 0.0 0.0 0.0 155 46 1.7 1.8 1.7 1.8
111.1 2.2 13.5 0.6 71 11 1130 80 108.6 1.2 0 0 12.0 0.0 0.0 0.0 0.0 0.0 155 46 1.7 1.8 1.7 1.8
99 4 13.5 0.6 17 5 266 65 96 4 0 0 12.0 0.0 0.0 0.0 0.0 0.0 155 46 1.7 1.8 1.7 1.8
87 3 13.5 0.6 16 5 256 76 85 3 0 0 12.0 0.0 0.0 0.0 0.0 0.0 155 46 1.7 1.8 1.7 1.8
70.1 2.2 13.5 0.6 64 10 1027 59 67.6 1.1 0 0 12.0 0.0 0.0 0.0 0.0 0.0 155 46 1.7 1.8 1.7 1.8
56.2 2.4 13.5 0.6 34 6 537 50 53.7 1.8 0 0 12.0 0.0 0.0 0.0 0.0 0.0 155 46 1.7 1.8 1.7 1.8
43.1 2.3 13.4 0.6 32 6 511 53 40.6 1.5 0 0 12.0 0.0 0.0 0.0 0.0 0.0 155 46 1.7 1.8 1.7 1.8
25.5 2.4 13.4 0.6 75 12 1197 45 23.0 0.8 0 0 12.0 0.0 0.0 0.0 0.0 0.0 155 46 1.7 1.8 1.7 1.8
