    0.50452       0.50508       0.50682       0.50982       0.51428    
    0.52042       0.52854       0.53896       0.55154       0.56632    
    0.58460       0.60533       0.63054       0.65899       0.69123    
    0.72892       0.76934       0.81604       0.86147       0.90720    
    0.95656        1.0345        1.1064        1.1651        1.2334    
     1.3031        1.3776        1.4539        1.5313        1.6070    
     1.6805        1.7625        1.8248        1.8870        1.9417    
     1.9925        2.0331        2.0637        2.0853        2.0979    
     2.0978        2.0885        2.0697        2.0418        2.0038    
     1.9597        1.9075        1.8518        1.7948        1.7358    
     1.6758        1.6170        1.5601        1.5073        1.4581    
     1.4123        1.3722        1.3372        1.3067        1.2807    
     1.2594    
