    0.34064       0.34153       0.34417       0.34874       0.35455    
    0.36198       0.37097       0.38080       0.39415       0.40829    
    0.42334       0.44049       0.45901       0.47997       0.50328    
    0.52716       0.55288       0.58104       0.61209       0.64569    
    0.68210       0.72550       0.76870       0.81506       0.86681    
    0.92237       0.98044        1.0413        1.1036        1.1685    
     1.2341        1.2975        1.3633        1.4236        1.4779    
     1.5287        1.5708        1.6070        1.6340        1.6510    
     1.6582        1.6549        1.6395        1.6189        1.5881    
     1.5512        1.5073        1.4596        1.4081        1.3555    
     1.3032        1.2520        1.2039        1.1605        1.1207    
     1.0867        1.0570        1.0340        1.0174        1.0060    
    0.99605    
