    0.41686E-01   0.41689E-01   0.41700E-01   0.41717E-01   0.41737E-01
    0.41758E-01   0.41778E-01   0.41793E-01   0.41799E-01   0.41793E-01
    0.41773E-01   0.41736E-01   0.41681E-01   0.41606E-01   0.41512E-01
    0.41401E-01   0.41275E-01   0.41139E-01   0.40998E-01   0.40858E-01
    0.40727E-01   0.40614E-01   0.40528E-01   0.40482E-01   0.40485E-01
    0.40550E-01   0.40690E-01   0.40917E-01   0.41243E-01   0.41680E-01
    0.42238E-01   0.42922E-01   0.43739E-01   0.44689E-01   0.45767E-01
    0.46967E-01   0.48273E-01   0.49665E-01   0.51119E-01   0.52602E-01
    0.54080E-01   0.55511E-01   0.56855E-01   0.58067E-01   0.59103E-01
    0.59923E-01   0.60489E-01   0.60769E-01   0.60739E-01   0.60383E-01
    0.59693E-01   0.58672E-01   0.57335E-01   0.55703E-01   0.53808E-01
    0.51692E-01   0.49402E-01   0.46989E-01   0.44510E-01   0.42020E-01
    0.39577E-01
