    0.79390       0.79389       0.79399       0.79455       0.79618    
    0.79964       0.80586       0.81584       0.83066       0.85135    
    0.87890       0.91421       0.95804        1.0110        1.0734    
     1.1454        1.2271        1.3181        1.4180        1.5259    
     1.6410        1.7621        1.8877        2.0165        2.1468    
     2.2768        2.4050        2.5295        2.6487        2.7608    
     2.8645        2.9581        3.0406        3.1109        3.1679    
     3.2110        3.2398        3.2539        3.2535        3.2388    
     3.2104        3.1690        3.1158        3.0520        2.9790    
     2.8985        2.8121        2.7215        2.6285        2.5346    
     2.4414        2.3503        2.2624        2.1786        2.0997    
     2.0262        1.9584        1.8962        1.8397        1.7883    
     1.7417    
