    0.74838       0.74844       0.74874       0.74960       0.75153    
    0.75521       0.76147       0.77117       0.78527       0.80467    
    0.83024       0.86277       0.90291       0.95119        1.0080    
     1.0734        1.1474        1.2298        1.3203        1.4181    
     1.5225        1.6325        1.7469        1.8645        1.9840    
     2.1037        2.2223        2.3381        2.4497        2.5555    
     2.6542        2.7442        2.8245        2.8938        2.9513    
     2.9962        3.0278        3.0459        3.0503        3.0412    
     3.0190        2.9843        2.9381        2.8815        2.8159    
     2.7427        2.6636        2.5801        2.4940        2.4067    
     2.3199        2.2348        2.1526        2.0744        2.0007    
     1.9322        1.8691        1.8114        1.7591        1.7119    
     1.6691    
