 "Unnamed: 0" PEAK_POSITION PEAK_ENERGY CROSS_SECTION ERROR
0 0 1720.3 1222.0 0.15537858971168586 0.007944796030637408
1 1 1682.0 1237.0 0.006766486971315353 0.0037598564489935943
2 2 1664.3 1257.0 0.12680897805502106 0.007147051571641089
3 3 1632.2 1279.0 0.2237952913105411 0.009576741909340245
4 4 0.0 1327.0 0.0 
5 5 0.0 1343.0 0.0 
6 6 0.0 1355.0 0.0 
7 7 0.0 1406.0 0.0 
8 8 0.0 1422.0 0.0 
9 9 0.0 1441.0 0.0 
10 10 0.0 1476.0 0.0 
11 11 0.0 1484.0 0.0 
12 12 1106.3 1647.8170315054379 0.015788469599735823 0.0035126127760580945
13 13 1075.4 1671.03747449482 0.057891055199031365 0.005548114464662458
14 14 1061.9 1681.2315346918165 0.06365509965607775 0.006551370947040782
15 15 1049.9 1690.3180419505313 0.053380063884821125 0.006041708487633929
16 16 979.2 1744.3327018393509 0.017542743999706473 0.0035135653737816616
17 17 0.0 1763.0 0.0 
18 18 919.1 1790.8943213205646 0.062151435884674346 0.005056128740348494
19 19 890.4 1813.3384563724253 0.023306788456752884 0.00401751603350771
20 20 851.8 1843.7379041837253 0.3064967987377288 0.010309243750317566
21 21 805.8 1880.2846980062461 0.26865459382407625 0.009707866389415103
22 22 726.8 1943.0 0.9247532194130982 0.01970538033436449
23 23 0.0 2006.0 0.0 
24 24 0.0 2024.0 0.0 
25 25 0.0 2019.0 0.0 
26 26 0.0 2070.0 0.0 
27 27 0.0 2131.0 0.0 
28 28 0.0 2140.0 0.0 
29 29 0.0 2159.0 0.0 
30 30 444.2 2183.0 0.8801445275281304 0.023519846379673286
31 31 419.0 2201.338487994307 0.04110014308502658 0.08195085528161301
32 32 414.7 2205.0456548634293 0.24609963725302506 0.083244379713429
33 33 380.6 2232.0 0.6656218294745769 0.01732023740199778
34 34 334.1 2275.095236918947 0.03458426674227846 0.005525835974507133
35 35 306.4 2299.415620075163 0.06240204651324159 0.006051595805833155
36 36 286.0 2317.407213181591 0.06240204651324159 0.007298309317380059
37 37 250.0 2349.323764724163 0.038844647427921465 0.006028996244187445
38 38 225.0 2371.6132282490994 0.040598921827892105 0.006030319103520779
39 39 199.0 2394.903125455109 0.015537858971168586 0.010526959072794478
40 40 191.0 2402.0915769318444 0.024309230971021823 0.010779395088933228
41 41 176.0 2415.598245489432 0.1258065355407521 0.010114385801019383
42 42 155.0 2434.569643676613 0.030825107313769938 0.0047730093316542075
43 43 118.0 2468.171611772644 0.07643624171300677 0.00855991514498921
44 44 133.0 2454.522101628533 0.36112991576538617 0.023377671397477838
45 45 104.0 2480.944484277337 0.08169906491291873 0.007320083304585947
46 46 87.0 2496.497663830464 0.055384948913359024 0.006043773842795389
47 47 68.0 2513.9367807335902 0.046112355656371284 0.007284434060402081
48 48 57.0 2524.060202217963 0.22705322948191511 0.016717736280311576
49 49 44.0 2536.049858764537 0.048618461942043646 0.008286492929627536
50 50 33.0 2546.2166252820616 0.1498651558832067 0.012881322516738127
51 51 23.0 2555.4763797998144 0.07994479051294805 0.011559775585247472
