 PEAK_POSITION PEAK_ENERGY CROSS_SECTION ERROR
0 1245.6 2542.0 0.09425701441613524 0.01113476158517422
1 1232.7 2550.688956964708 0.12166849309837863 0.010470905265797109
2 1213.0 2564.1173421054195 0.1485990686458458 0.0100633988892088
3 1193.7 2577.3927641131804 0.14956087491539824 0.009595535037513257
4 1152.5 2606.1283804631976 0.10627959278554025 0.010916374319989418
5 1137.1 2617.0 0.21953228102533534 0.013557462948783412
6 1122.0 2627.748859276767 0.030777800625676813 0.007945927526774048
7 1105.2 2639.784208064756 0.09209295030964232 0.008508434896775427
8 1085.2 2654.229043038529 0.11661901018322854 0.009036885912946232
9 1060.2 2672.463984374356 0.04977347444933672 0.007245218835062909
10 1020.7 2701.6803351585745 0.1324888136308431 0.009785283393523176
11 1006.8 2712.0795662802757 0.20246021974078024 0.011164952675283094
12 986.5 2727.377333893099 0.07886811410329682 0.007055057100252467
13 960.5 2747.1619621942136 0.21159737930152805 0.013534121743169359
14 948.6 2756.288954035936 0.12022578369405004 0.012609871007194087
15 920.1 2778.330811759201 0.20775015422331847 0.01730413880762554
16 908.9 2787.0 0.4145385021770845 0.019123674964219222
17 858.0 2827.253548098803 0.06660508416650372 0.006316983434191121
18 840.5 2841.261663523431 0.019957480093212302 0.004816680033430008
19 805.4 2869.6515332063937 0.14114507005681473 0.007930134741561451
20 783.4 2887.645514576944 0.11734036488539283 0.025297767343130675
21 774.9 2894.638960614262 0.10940546316158553 0.023851132121364034
22 759.7 2907.202173048482 0.07934901723807301 0.00848466889344103
23 743.9 2920.339189810641 0.06780734200344421 0.007272217584853014
24 726.5 2934.8984001186623 0.182743191214956 0.009005759008272732
25 698.8 2958.2746525871635 0.22410086080570923 0.009631761684648745
26 672.2 2980.952291681059 0.042319475860305614 0.0060387617943657755
27 651.9 2998.4103092613354 0.12575616974397633 0.013811971142259814
28 641.4 3007.4917454566785 0.13200791049606692 0.014299718668598518
29 0.0 3064.0 0.0 
30 0.0 3084.0 0.0 
31 0.0 3098.0 0.0 
32 0.0 3135.0 0.0 
33 0.0 3164.0 0.0 
34 0.0 3177.0 0.0 
35 0.0 3185.0 0.0 
36 0.0 3124.0 0.0 
37 0.0 3227.0 0.0 
38 0.0 3246.0 0.0 
39 0.0 3262.0 0.0 
40 0.0 3278.0 0.0 
41 322.0 3300.496343582613 0.10724139905509264 0.007595258239666504
42 298.0 3323.8235497167893 0.02452605987358621 0.004820577974845576
43 275.0 3346.35068966268 0.06251740752090601 0.006071083230855919
44 252.0 3369.046072880116 0.08511985485538742 0.007780992154441549
45 236.0 3384.9333940989036 0.09594017538785193 0.00875398117361335
46 223.0 3398.0 0.05915108557747262 0.007736362782410102
47 204.0 3416.952291418421 0.10916501159419745 0.007600322064458248
48 183.0 3438.141682161699 0.0682882451382204 0.006320304446510212
49 161.0 3460.4905245315376 0.08776482209665651 0.006837564945070001
50 136.0 3486.0737849393267 0.05049482915150102 0.0158846456200026
51 126.0 3496.3627461393426 0.05987244027963692 0.013009875511263133
52 112.0 3510.820722574789 0.17312512851943204 0.014380579376030595
53 101.0 3522.2242917316353 0.05891063401008451 0.012769077046309512
54 85.0 3538.879998099865 0.02524741457575051 0.006021081623255752
55 68.0 3556.665896395256 0.16735429090211762 0.011527996418232345
56 54.0 3571.382121481923 0.06708598730127992 0.008704175822106166
57 43.0 3582.9886002932976 0.057708376173144026 0.009170783330158704
58 25.0 3602.0 0.17528919262592493 0.00921037584434091
