    0.48434       0.48494       0.48677       0.48993       0.49457    
    0.50090       0.50917       0.51966       0.53250       0.54701    
    0.56446       0.58500       0.60934       0.63728       0.66867    
    0.70384       0.74089       0.78383       0.82643       0.87375    
    0.91984       0.99194        1.0596        1.1167        1.1828    
     1.2481        1.3199        1.3936        1.4687        1.5427    
     1.6153        1.6867        1.7574        1.8169        1.8739    
     1.9203        1.9658        1.9967        2.0200        2.0342    
     2.0349        2.0265        2.0082        1.9841        1.9476    
     1.9034        1.8532        1.7988        1.7428        1.6847    
     1.6262        1.5687        1.5132        1.4618        1.4141    
     1.3699        1.3314        1.2981        1.2691        1.2456    
     1.2256    
