    0.69545E-01   0.69557E-01   0.69591E-01   0.69646E-01   0.69715E-01
    0.69794E-01   0.69874E-01   0.69947E-01   0.70003E-01   0.70035E-01
    0.70033E-01   0.69989E-01   0.69896E-01   0.69751E-01   0.69549E-01
    0.69291E-01   0.68978E-01   0.68617E-01   0.68214E-01   0.67781E-01
    0.67332E-01   0.66883E-01   0.66454E-01   0.66068E-01   0.65748E-01
    0.65521E-01   0.65412E-01   0.65449E-01   0.65657E-01   0.66061E-01
    0.66679E-01   0.67528E-01   0.68617E-01   0.69946E-01   0.71508E-01
    0.73284E-01   0.75247E-01   0.77356E-01   0.79565E-01   0.81813E-01
    0.84034E-01   0.86158E-01   0.88110E-01   0.89813E-01   0.91197E-01
    0.92193E-01   0.92746E-01   0.92806E-01   0.92344E-01   0.91339E-01
    0.89793E-01   0.87721E-01   0.85155E-01   0.82145E-01   0.78751E-01
    0.75049E-01   0.71121E-01   0.67057E-01   0.62947E-01   0.58884E-01
    0.54955E-01
