     1.0439        1.0436        1.0426        1.0407        1.0378    
     1.0328        1.0254        1.0147        1.0002       0.98105    
    0.95660       0.92645       0.89024       0.84793       0.80002    
    0.74718       0.69075       0.63247       0.57406       0.51771    
    0.46495       0.41757       0.37611       0.34095       0.31144    
    0.28662       0.26528       0.24590       0.22747       0.20934    
    0.19124       0.17337       0.15601       0.13991       0.12536    
    0.11262       0.10168       0.92346E-01   0.84222E-01   0.76947E-01
    0.70160E-01   0.63623E-01   0.57265E-01   0.51183E-01   0.45500E-01
    0.40369E-01   0.35909E-01   0.32143E-01   0.29029E-01   0.26426E-01
    0.24177E-01   0.22113E-01   0.20130E-01   0.18156E-01   0.16200E-01
    0.14315E-01   0.12578E-01   0.11057E-01   0.97988E-02   0.88025E-02
    0.80341E-02
