    0.68951E-01   0.68957E-01   0.68973E-01   0.68988E-01   0.68976E-01
    0.68976E-01   0.69085E-01   0.69183E-01   0.69229E-01   0.69222E-01
    0.69219E-01   0.69224E-01   0.69135E-01   0.68986E-01   0.68798E-01
    0.68218E-01   0.68246E-01   0.67880E-01   0.67520E-01   0.67114E-01
    0.66689E-01   0.66288E-01   0.65912E-01   0.65510E-01   0.65210E-01
    0.65019E-01   0.64930E-01   0.64940E-01   0.65214E-01   0.65602E-01
    0.66203E-01   0.67008E-01   0.68088E-01   0.69349E-01   0.70858E-01
    0.72565E-01   0.74461E-01   0.76498E-01   0.78615E-01   0.80771E-01
    0.82909E-01   0.84951E-01   0.86810E-01   0.88442E-01   0.89763E-01
    0.90700E-01   0.91233E-01   0.91294E-01   0.90841E-01   0.89868E-01
    0.88361E-01   0.86340E-01   0.83844E-01   0.80921E-01   0.77637E-01
    0.74013E-01   0.70186E-01   0.66218E-01   0.62203E-01   0.58223E-01
    0.54367E-01
