    0.67422E-01   0.67432E-01   0.67460E-01   0.67504E-01   0.67561E-01
    0.67624E-01   0.67688E-01   0.67745E-01   0.67788E-01   0.67809E-01
    0.67800E-01   0.67756E-01   0.67671E-01   0.67542E-01   0.67366E-01
    0.67145E-01   0.66879E-01   0.66575E-01   0.66239E-01   0.65882E-01
    0.65515E-01   0.65154E-01   0.64815E-01   0.64517E-01   0.64281E-01
    0.64128E-01   0.64082E-01   0.64163E-01   0.64395E-01   0.64797E-01
    0.65386E-01   0.66175E-01   0.67171E-01   0.68374E-01   0.69778E-01
    0.71367E-01   0.73117E-01   0.74993E-01   0.76952E-01   0.78944E-01
    0.80910E-01   0.82788E-01   0.84510E-01   0.86010E-01   0.87223E-01
    0.88089E-01   0.88555E-01   0.88577E-01   0.88125E-01   0.87181E-01
    0.85743E-01   0.83822E-01   0.81446E-01   0.78656E-01   0.75508E-01
    0.72067E-01   0.68406E-01   0.64608E-01   0.60754E-01   0.56929E-01
    0.53213E-01
