    0.68056E-01   0.68066E-01   0.68096E-01   0.68143E-01   0.68203E-01
    0.68270E-01   0.68338E-01   0.68399E-01   0.68446E-01   0.68469E-01
    0.68462E-01   0.68417E-01   0.68330E-01   0.68196E-01   0.68012E-01
    0.67780E-01   0.67501E-01   0.67180E-01   0.66825E-01   0.66446E-01
    0.66055E-01   0.65669E-01   0.65304E-01   0.64980E-01   0.64720E-01
    0.64545E-01   0.64480E-01   0.64547E-01   0.64771E-01   0.65172E-01
    0.65768E-01   0.66572E-01   0.67592E-01   0.68830E-01   0.70277E-01
    0.71917E-01   0.73726E-01   0.75667E-01   0.77696E-01   0.79760E-01
    0.81798E-01   0.83746E-01   0.85534E-01   0.87092E-01   0.88355E-01
    0.89259E-01   0.89751E-01   0.89786E-01   0.89333E-01   0.88374E-01
    0.86907E-01   0.84944E-01   0.82516E-01   0.79665E-01   0.76448E-01
    0.72933E-01   0.69197E-01   0.65322E-01   0.61395E-01   0.57502E-01
    0.53725E-01
