    0.66960       0.66993       0.67101       0.67308       0.67650    
    0.68180       0.68952       0.69959       0.70890       0.71561    
    0.74711       0.77478       0.80984       0.85269       0.90284    
    0.96389        1.0275        1.1003        1.1820        1.2503    
     1.3456        1.4406        1.5513        1.6673        1.8015    
     1.8662        1.9700        2.0763        2.1763        2.2736    
     2.3641        2.4525        2.5474        2.6158        2.6536    
     2.6858        2.7658        2.7662        2.7644        2.7644    
     2.7471        2.7181        2.6806        2.6271        2.5679    
     2.5099        2.4406        2.3644        2.2925        2.2171    
     2.1387        2.0647        1.9883        1.9206        1.8552    
     1.7933        1.7407        1.6894        1.6431        1.5992    
     1.5619    
