    0.50112       0.50172       0.50356       0.50672       0.51134    
    0.51760       0.52571       0.53591       0.54846       0.56359    
    0.58155       0.60257       0.62685       0.65456       0.68586    
    0.72087       0.75970       0.80241       0.84905       0.89960    
    0.95404        1.0123        1.0741        1.1394        1.2077    
     1.2787        1.3518        1.4264        1.5016        1.5767    
     1.6505        1.7221        1.7902        1.8535        1.9110    
     1.9614        2.0037        2.0369        2.0602        2.0733    
     2.0758        2.0679        2.0497        2.0220        1.9857    
     1.9418        1.8917        1.8368        1.7786        1.7187    
     1.6584        1.5993        1.5425        1.4890        1.4397    
     1.3952        1.3557        1.3213        1.2920        1.2672    
     1.2464    
