    0.66934       0.66956       0.67031       0.67183       0.67451    
    0.67886       0.68548       0.69504       0.70824       0.72576    
    0.74825       0.77630       0.81040       0.85095       0.89822    
    0.95238        1.0134        1.0812        1.1556        1.2361    
     1.3222        1.4132        1.5084        1.6069        1.7077    
     1.8096        1.9117        2.0125        2.1110        2.2057    
     2.2955        2.3791        2.4552        2.5228        2.5808    
     2.6282        2.6643        2.6886        2.7008        2.7007    
     2.6884        2.6646        2.6297        2.5848        2.5310    
     2.4697        2.4022        2.3302        2.2552        2.1788    
     2.1023        2.0272        1.9546        1.8855        1.8207    
     1.7607        1.7058        1.6560        1.6113        1.5714    
     1.5357    
