    0.68195E-01   0.68214E-01   0.68268E-01   0.68353E-01   0.68458E-01
    0.68571E-01   0.68676E-01   0.68755E-01   0.68792E-01   0.68767E-01
    0.68663E-01   0.68465E-01   0.68161E-01   0.67743E-01   0.67207E-01
    0.66556E-01   0.65799E-01   0.64950E-01   0.64031E-01   0.63071E-01
    0.62102E-01   0.61165E-01   0.60305E-01   0.59570E-01   0.59013E-01
    0.58684E-01   0.58636E-01   0.58918E-01   0.59572E-01   0.60635E-01
    0.62130E-01   0.64069E-01   0.66449E-01   0.69248E-01   0.72429E-01
    0.75933E-01   0.79684E-01   0.83592E-01   0.87548E-01   0.91438E-01
    0.95137E-01   0.98522E-01   0.10147       0.10387       0.10563    
    0.10666       0.10691       0.10636       0.10499       0.10283    
    0.99934E-01   0.96381E-01   0.92270E-01   0.87718E-01   0.82856E-01
    0.77823E-01   0.72759E-01   0.67802E-01   0.63080E-01   0.58707E-01
    0.54782E-01
