    0.41336       0.41412       0.41640       0.42024       0.42567    
    0.43275       0.44156       0.45219       0.46472       0.47927    
    0.49592       0.51481       0.53603       0.55971       0.58596    
    0.61491       0.64668       0.68139       0.71918       0.76016    
    0.80444       0.85211       0.90319       0.95766        1.0154    
     1.0763        1.1398        1.2056        1.2731        1.3413    
     1.4095        1.4764        1.5410        1.6020        1.6582    
     1.7082        1.7510        1.7855        1.8109        1.8267    
     1.8324        1.8280        1.8138        1.7904        1.7585    
     1.7193        1.6739        1.6239        1.5707        1.5159    
     1.4608        1.4071        1.3558        1.3080        1.2647    
     1.2263        1.1931        1.1653        1.1425        1.1245    
     1.1105    
