    0.81006       0.81050       0.81177       0.81372       0.81609    
    0.81862       0.82063       0.82183       0.82145       0.81856    
    0.81248       0.80211       0.78667       0.76535       0.73756    
    0.70326       0.66275       0.61705       0.56747       0.51609    
    0.46505       0.41645       0.37228       0.33373       0.30137    
    0.27483       0.25345       0.23563       0.21995       0.20500    
    0.18996       0.17440       0.15841       0.14252       0.12731    
    0.11350       0.10142       0.91240E-01   0.82792E-01   0.75726E-01
    0.69567E-01   0.63880E-01   0.58362E-01   0.52862E-01   0.47412E-01
    0.42153E-01   0.37282E-01   0.32987E-01   0.29367E-01   0.26424E-01
    0.24063E-01   0.22123E-01   0.20421E-01   0.18801E-01   0.17159E-01
    0.15465E-01   0.13751E-01   0.12093E-01   0.10579E-01   0.92825E-02
    0.82407E-02
