     1.0371        1.0368        1.0359        1.0342        1.0314    
     1.0268        1.0197        1.0095       0.99553       0.97693    
    0.95315       0.92363       0.88809       0.84638       0.79912    
    0.74679       0.69076       0.63277       0.57452       0.51817    
    0.46539       0.41789       0.37629       0.34099       0.31138    
    0.28651       0.26519       0.24586       0.22750       0.20946    
    0.19141       0.17358       0.15623       0.14010       0.12551    
    0.11272       0.10174       0.92386E-01   0.84257E-01   0.76993E-01
    0.70226E-01   0.63708E-01   0.57368E-01   0.51292E-01   0.45603E-01
    0.40459E-01   0.35979E-01   0.32191E-01   0.29063E-01   0.26453E-01
    0.24202E-01   0.22147E-01   0.20173E-01   0.18207E-01   0.16256E-01
    0.14371E-01   0.12628E-01   0.11098E-01   0.98279E-02   0.88212E-02
    0.80450E-02
