Background: A = 3.9(3),  B = -0.018(4),  C = 0.0(0)
      Shape: R = 62(19),  Beta = 9.8(4),  Step = 0.0(0)
   position      width       height        area          centroid      energy
 1 1851.6(12)    10.7(6)     26(3)         562(31)       1843.8(10)    921.9(5)
Background: A = 1.57(16),  B = 0.0093(7),  C = 0.0(0)
      Shape: R = 26.1(17),  Beta = 14.0(5),  Step = 0.0(0)
   position      width       height        area          centroid      energy
 1 1794.89(19)   12.80(15)   210(4)        4156(69)      1787.99(24)   893.99(12)
 2 1636.9(3)     12.72(15)   58.4(19)      1151(37)      1630.0(3)     814.98(16)
 3 1570.5(5)     12.68(15)   17.9(11)      353(23)       1563.6(6)     781.8(3)
 4 1499.1(3)     12.65(15)   50.1(18)      984(35)       1492.1(3)     746.07(17)
 5 1456.8(23)    12.63(15)   2.6(7)        50(13)        1449.9(23)    725.0(12)
 6 1415.0(6)     12.60(15)   13.7(11)      269(21)       1408.1(6)     704.0(3)
 7 1394.0(6)     12.60(15)   16.9(12)      331(24)       1387.1(6)     693.5(3)
 8 1362.0(14)    12.58(15)   3.8(7)        74(13)        1355.1(15)    677.5(7)
 9 1328.3(9)     12.56(15)   5.6(7)        110(14)       1321.4(9)     660.7(4)
10 1295.79(18)   12.54(15)   316(5)        6182(83)      1288.83(22)   644.42(11)
Background: A = 0.0(0),  B = 0.0(0),  C = 0.0(0)
      Shape: R = 26.10(0),  Beta = 14.0(0),  Step = 0.0(0)
   position      width       height        area          centroid      energy
 1 1125.0(15)    27.7(6)     11.5(13)      397(44)       1119.8(15)    559.9(8)
 2 1101(4)       27.7(6)     5.5(12)       189(40)       1095(4)       547.7(18)
 3 1058.8(12)    27.7(6)     11.6(8)       402(25)       1053.6(12)    526.8(6)
 4 1019.3(9)     27.7(6)     16.7(9)       578(29)       1014.1(9)     507.0(4)
 5 973.3(10)     27.6(6)     10.5(7)       363(22)       968.2(10)     484.1(5)
Background: -1
Background: A = 0.0(0),  B = 0.0(0),  C = 0.0(0)
      Shape: R = 26.10(0),  Beta = 14.0(0),  Step = 0.0(0)
   position      width       height        area          centroid      energy
 1 900.9(7)      27.6(6)     25.0(11)      862(36)       895.7(7)      447.9(3)
 2 863(6)        27.6(6)     5.4(19)       187(67)       858(6)        429(3)
 3 843(5)        27.6(6)     5.1(21)       176(72)       838(5)        419(3)
 4 800.3(11)     27.5(6)     8.3(6)        285(19)       795.1(11)     397.6(6)
Background: A = 2.2(3),  B = 0.0(0),  C = 0.0(0)
      Shape: R = 24(11),  Beta = 11(3),  Step = 0.0(0)
   position      width       height        area          centroid      energy
 1 661.7(10)     12.1(4)     7.8(10)       131(18)       657.3(12)     328.6(6)
 2 638.6(8)      12.1(4)     12.5(12)      211(21)       634.2(11)     317.1(5)
Background: A = 0.0(0),  B = 0.0(0),  C = 0.0(0)
      Shape: R = 0.0(0),  Beta = 1.6589(0),  Step = 0.0(0)
   position      width       height        area          centroid      energy
 1 596.1(11)     13.44(22)   6.8(11)       97(15)        596.1(11)     298.1(5)
 2 580.5(4)      13.43(22)   36.3(19)      519(26)       580.5(4)      290.25(21)
 3 563.3(11)     13.42(22)   10.6(12)      151(17)       563.3(11)     281.6(5)
 4 547.6(7)      13.41(22)   12.6(12)      180(17)       547.6(7)      273.8(3)
 5 519.6(4)      13.39(22)   46(3)         649(43)       519.6(4)      259.80(22)
 6 506.5(8)      13.39(22)   42(3)         598(41)       506.5(8)      253.3(4)
 7 494.3(24)     13.38(22)   8.1(24)       115(34)       494.3(24)     247.1(12)
 8 477.8(7)      13.37(22)   12.9(12)      184(17)       477.8(7)      238.9(4)
 9 454.0(3)      13.36(22)   50.8(25)      722(33)       454.0(3)      226.99(16)
10 438.1(4)      13.35(22)   52(3)         743(34)       438.1(4)      219.06(21)
11 422.4(14)     13.34(22)   10.1(14)      143(19)       422.4(14)     211.2(7)
12 406.7(10)     13.33(22)   9.6(11)       136(15)       406.7(10)     203.4(5)
Background: A = 0.0(0),  B = 0.0(0),  C = 0.0(0)
      Shape: R = 0.0(0),  Beta = 25.2599(0),  Step = 0.0(0)
   position      width       height        area          centroid      energy
 1 379.9(7)      19.6(7)     13.4(10)      279(19)       379.9(7)      190.0(4)
Background: -1
Background: A = 0.0(0),  B = 0.0(0),  C = 0.0(0)
      Shape: R = 0.0(0),  Beta = 25.2599(0),  Step = 0.0(0)
   position      width       height        area          centroid      energy
 1 351.9(16)     19.6(7)     15.8(22)      330(48)       351.9(16)     175.9(8)
 2 337(4)        19.6(7)     6.2(24)       128(47)       337(4)        168.6(18)
 3 309(3)        19.6(7)     11(4)         229(83)       309(3)        154.3(14)
 4 296(4)        19.6(7)     11(4)         223(74)       296(4)        147.9(19)
 5 275.3(24)     19.5(7)     7.1(11)       147(23)       275.3(24)     137.6(12)
 6 252.0(10)     19.5(7)     9.3(9)        193(17)       252.0(10)     126.0(5)
 7 221.3(12)     19.5(7)     3.9(5)        80(10)        221.3(12)     110.7(6)
Background: A = 0.0(0),  B = 0.0(0),  C = 0.0(0)
      Shape: R = 0.0(0),  Beta = 1.5320(0),  Step = 0.0(0)
   position      width       height        area          centroid      energy
 1 171.7(4)      19.2(3)     20.8(11)      425(21)       171.7(4)      85.85(22)
 2 134.1(5)      19.1(3)     22.5(12)      459(23)       134.1(5)      67.04(25)
 3 107.5(7)      19.1(3)     16.0(11)      325(20)       107.5(7)      53.7(3)
 4 76.1(5)       19.1(3)     23.5(12)      478(23)       76.1(5)       38.06(25)
 5 48.1(13)      19.1(3)     10.4(11)      212(22)       48.1(13)      24.1(6)
 6 29.3(10)      19.1(3)     11.4(12)      232(23)       29.3(10)      14.7(5)

