Background: A = 2.9(7),  B = 0.009(20),  C = 0.0(0)
      Shape: R = 33(5),  Beta = 10.2(7),  Step = 0.0(0)
   position      width       height        area          centroid      energy
 1 1848.0(9)     13.68(22)   12.3(15)      243(30)       1842.8(8)     921.4(4)
Background: A = 2.24(14),  B = 0.0065(5),  C = 0.0(0)
      Shape: R = 18.3(8),  Beta = 14.0(3),  Step = 0.0(0)
   position      width       height        area          centroid      energy
 1 1793.84(10)   14.32(8)    589(6)        11494(112)    1788.76(12)   894.38(6)
 2 1633.37(25)   16.33(8)    75.4(20)      1625(44)      1628.6(3)     814.29(13)
 3 1566.5(5)     17.46(8)    23.4(12)      530(27)       1561.9(5)     780.9(3)
 4 1499.69(16)   13.33(8)    150(3)        2776(55)      1494.44(18)   747.22(9)
Background: -1
Background: A = 2.24(14),  B = 0.0065(5),  C = 0.0(0)
      Shape: R = 18.3(8),  Beta = 14.0(3),  Step = 0.0(0)
   position      width       height        area          centroid      energy
 1 1417.1(3)     12.23(8)    38.0(22)      661(38)       1411.7(3)     705.84(17)
 2 1395.1(4)     12.62(8)    38(3)         673(49)       1389.7(4)     694.86(21)
 3 1375(10)      61.31(8)    4.0(9)        272(58)       1372(10)      686(5)
 4 1333.0(11)    19.24(8)    9.2(11)       225(27)       1328.5(11)    664.3(6)
 5 1297.83(9)    12.66(8)    903(9)        16096(131)    1292.45(11)   646.23(6)
Background: A = 0.0(0),  B = -0.0078(11),  C = 0.0(0)
      Shape: R = 38.0(0),  Beta = 0.70(0),  Step = 0.0(0)
   position      width       height        area          centroid      energy
 1 1129.2(8)     23.5(3)     10.9(8)       170(12)       1129.2(8)     564.6(4)
 2 1100.6(8)     23.5(3)     11.8(8)       183(12)       1100.6(8)     550.3(4)
 3 1063.5(10)    23.5(3)     7.7(6)        119(9)        1063.5(10)    531.8(5)
 4 1025.0(4)     23.5(3)     43.8(15)      678(22)       1025.0(4)     512.51(19)
 5 992.7(6)      23.4(3)     17.9(10)      277(15)       992.7(6)      496.4(3)
 6 922.2(12)     23.4(3)     9.5(10)       147(15)       922.2(12)     461.1(6)
 7 897.3(6)      23.4(3)     29.1(14)      449(20)       897.3(6)      448.7(3)
 8 862.4(20)     23.4(3)     9.7(14)       150(21)       862.4(20)     431.2(10)
 9 842.6(17)     23.4(3)     10.0(14)      154(22)       842.6(17)     421.3(9)
10 802.6(5)      23.3(3)     22.2(11)      342(16)       802.6(5)      401.3(3)
Background: A = 1.7(5),  B = -0.006(12),  C = 0.0(0)
      Shape: R = 38.0(0),  Beta = 0.70(0),  Step = 0.0(0)
   position      width       height        area          centroid      energy
 1 668.3(8)      15.9(10)    10.2(11)      107(12)       668.3(8)      334.2(4)
 2 642.0(9)      15.8(10)    8.3(10)       86(12)        642.0(9)      321.0(5)
Background: A = 0.0(0),  B = 0.0(0),  C = 0.0(0)
      Shape: R = 0.0(0),  Beta = 1.6621(0),  Step = 0.0(0)
   position      width       height        area          centroid      energy
 1 609.1(5)      13.08(14)   14.9(11)      208(15)       609.1(5)      304.57(24)
 2 586.37(21)    13.06(14)   87(3)         1207(38)      586.37(21)    293.18(11)
 3 569.8(6)      13.05(14)   23.0(17)      319(23)       569.8(6)      284.9(3)
 4 552.2(6)      13.04(14)   13.6(12)      188(16)       552.2(6)      276.1(3)
 5 525.5(3)      13.02(14)   94(4)         1305(58)      525.5(3)      262.74(14)
 6 512.6(5)      13.02(14)   91(4)         1262(54)      512.6(5)      256.31(23)
 7 499.6(14)     13.01(14)   16(3)         220(36)       499.6(14)     249.8(7)
 8 484.3(10)     13.00(14)   9.5(12)       131(16)       484.3(10)     242.2(5)
 9 459.75(22)    12.99(14)   115(4)        1587(52)      459.75(22)    229.87(11)
10 445.0(4)      12.98(14)   106(4)        1471(53)      445.0(4)      222.52(18)
11 432.2(7)      12.97(14)   26(3)         357(41)       432.2(7)      216.1(4)
12 411.7(5)      12.96(14)   17.7(12)      244(17)       411.7(5)      205.85(23)
Background: A = 0.0(0),  B = 0.0(0),  C = 0.0(0)
      Shape: R = 0.0(0),  Beta = 27.5070(0),  Step = 0.0(0)
   position      width       height        area          centroid      energy
 1 385.6(5)      17.9(5)     27.0(16)      515(29)       385.6(5)      192.8(3)
 2 362.6(22)     17.9(5)     27(7)         514(144)      362.6(22)     181.3(11)
 3 351(3)        17.9(5)     28(7)         529(122)      351(3)        175.4(14)
 4 334.1(20)     17.8(5)     17(3)         316(51)       334.1(20)     167.0(10)
 5 312.2(12)     17.8(5)     22.1(20)      419(34)       312.2(12)     156.1(6)
 6 294.6(10)     17.8(5)     25.5(20)      484(35)       294.6(10)     147.3(5)
 7 272.6(10)     17.8(5)     16.4(13)      311(23)       272.6(10)     136.3(5)
 8 252.0(11)     17.8(5)     10.9(11)      206(19)       252.0(11)     126.0(6)
 9 228.6(11)     17.8(5)     7.3(8)        138(14)       228.6(11)     114.3(6)
Background: A = 0.0(0),  B = 0.0(0),  C = 0.0(0)
      Shape: R = 0.0(0),  Beta = 1.5327(0),  Step = 0.0(0)
   position      width       height        area          centroid      energy
 1 179.1(3)      17.93(16)   48.4(17)      924(31)       179.1(3)      89.55(13)
 2 142.0(3)      17.91(16)   62.1(20)      1183(36)      142.0(3)      71.02(13)
 3 113.1(4)      17.89(16)   38.7(16)      737(29)       113.1(4)      56.55(18)
 4 82.7(3)       17.87(16)   58.4(19)      1110(34)      82.7(3)       41.33(13)
 5 50.4(5)       17.85(16)   25.3(14)      482(25)       50.4(5)       25.2(3)
 6 28.6(6)       17.83(16)   16.4(12)      312(21)       28.6(6)       14.3(3)
