Background: A = 0.64(19),  B = 0.0(0),  C = 0.0(0)
      Shape: R = 31(7),  Beta = 10.2(9),  Step = 0.0(0)
   position      width       height        area          centroid      energy
 1 1838.7(15)    12.5(4)     2.5(6)        46(11)        1833.7(15)    916.8(8)
Background: A = 1.10(7),  B = 0.0015(3),  C = 0.0(0)
      Shape: R = 25(3),  Beta = 11.1(6),  Step = 0.0(0)
   position      width       height        area          centroid      energy
 1 1787.1(3)     12.65(19)   120(3)        2156(49)      1782.28(24)   891.14(12)
 2 1622.8(3)     12.57(19)   79.4(24)      1417(39)      1618.0(3)     808.98(13)
 3 1556.2(7)     12.53(19)   9.8(9)        175(15)       1551.3(7)     775.7(4)
 4 1493.4(4)     12.50(19)   26.9(14)      479(24)       1488.5(4)     744.24(20)
 5 1459(3)       12.48(19)   1.8(6)        32(10)        1455(3)       727.3(14)
 6 1410.7(11)    12.45(19)   4.6(7)        82(12)        1405.8(11)    702.9(6)
 7 1388.8(8)     12.44(19)   9.8(9)        174(16)       1383.9(8)     691.9(4)
 8 1362.1(7)     12.43(19)   10.0(9)       178(16)       1357.3(7)     678.6(4)
Background: -1
Background: A = 1.10(7),  B = 0.0015(3),  C = 0.0(0)
      Shape: R = 25(3),  Beta = 11.1(6),  Step = 0.0(0)
   position      width       height        area          centroid      energy
 1 1292.30(24)   12.39(19)   168(4)        2976(57)      1287.41(22)   643.70(11)
Background: A = 0.0(0),  B = 0.0013(5),  C = 0.0(0)
      Shape: R = 25.0(0),  Beta = 11.10(0),  Step = 0.0(0)
   position      width       height        area          centroid      energy
 1 1121.7(10)    13.5(3)     4.8(6)        90(11)        1116.9(10)    558.5(5)
 2 1097.6(12)    13.5(3)     3.8(6)        71(10)        1092.9(12)    546.4(6)
 3 1057.1(15)    13.4(3)     2.1(4)        40(7)         1052.3(15)    526.2(8)
 4 1024.9(5)     13.4(3)     15.3(10)      287(18)       1020.2(5)     510.08(25)
 5 994.9(10)     13.4(3)     5.5(6)        102(12)       990.1(10)     495.1(5)
 6 916.9(10)     13.4(3)     4.4(6)        82(11)        912.2(10)     456.1(5)
 7 894(3)        13.4(3)     6(4)          121(79)       890(3)        444.8(15)
 8 887(12)       13.3(3)     1(4)          28(80)        882(12)       441(6)
 9 857.5(9)      13.3(3)     5.7(6)        105(11)       852.7(9)      426.4(4)
10 800.3(3)      13.3(3)     43.9(19)      817(30)       795.5(3)      397.75(14)
Background: A = 2.50(18),  B = 0.0(0),  C = 0.0(0)
      Shape: R = 25.0(0),  Beta = 11.10(0),  Step = 0.0(0)
   position      width       height        area          centroid      energy
 1 671.4(9)      9.26(21)    6.2(10)       91(14)        665.9(9)      332.9(5)
Background: -1
Background: A = 2.50(18),  B = 0.0(0),  C = 0.0(0)
      Shape: R = 25.0(0),  Beta = 11.10(0),  Step = 0.0(0)
   position      width       height        area          centroid      energy
 1 583.6(5)      9.21(21)    16.1(13)      235(19)       578.1(5)      289.06(24)
 2 641(4)        9.20(21)    1.0(7)        15(10)        636(4)        317.8(22)
 3 523.24(20)    9.18(21)    175(5)        2546(81)      517.74(20)    258.87(10)
 4 513.1(17)     9.17(21)    16(5)         239(70)       507.6(17)     253.8(8)
 5 475.7(10)     9.15(21)    7.1(11)       102(16)       470.2(10)     235.1(5)
 6 457.8(4)      9.14(21)    31.2(20)      451(27)       452.3(4)      226.17(18)
 7 440.4(3)      9.13(21)    49.9(24)      722(33)       434.9(3)      217.43(14)
Background: A = 2.25(14),  B = 0.0114(17),  C = 0.0(0)
      Shape: R = 33.0(0),  Beta = 6.40(0),  Step = 0.0(0)
   position      width       height        area          centroid      energy
 1 389(3)        14.6(3)     2.5(8)        47(15)        387(3)        193.3(15)
 2 368.0(17)     14.6(3)     7.0(12)       128(21)       365.2(17)     182.6(8)
 3 351.6(22)     14.5(3)     4.8(11)       87(20)        348.8(22)     174.4(11)
Background: -1
Background: A = 2.25(14),  B = 0.0114(17),  C = 0.0(0)
      Shape: R = 33.0(0),  Beta = 6.40(0),  Step = 0.0(0)
   position      width       height        area          centroid      energy
 1 294.7(15)     14.5(3)     4.2(7)        76(14)        292.0(15)     146.0(7)
Background: -1
Background: A = 2.25(14),  B = 0.0114(17),  C = 0.0(0)
      Shape: R = 33.0(0),  Beta = 6.40(0),  Step = 0.0(0)
   position      width       height        area          centroid      energy
 1 178.6(6)      14.4(3)     12.3(10)      224(18)       175.8(6)      87.9(3)
 2 140.3(5)      14.4(3)     16.1(11)      292(20)       137.5(5)      68.8(3)
 3 111.9(7)      14.4(3)     10.0(9)       182(17)       109.1(7)      54.6(4)
 4 79.6(4)       14.4(3)     20.7(13)      376(23)       76.8(4)       38.40(22)
 5 50.9(9)       14.4(3)     7.8(9)        142(17)       48.1(9)       24.1(5)
 6 29.8(10)      14.4(3)     6.8(9)        123(16)       27.0(10)      13.5(5)
