Background: A = 0.81(5),  B = 0.0008(2),  C = 0.0(0)
      Shape: R = 28.0(7),  Beta = 10.43(10),  Step = 0.0(0)
   position      width       height        area          centroid      energy
 1 1819.96(6)    11.70(5)    2503(15)      43056(213)    1814.97(5)    907.48(3)
 2 1516.25(11)   11.55(5)    336(5)        5736(77)      1511.23(10)   755.62(5)
 3 1437.70(8)    11.51(5)    838(8)        14259(121)    1432.67(7)    716.34(3)
 4 1255.78(21)   11.41(5)    80(3)         1356(43)      1250.74(21)   625.37(10)
 5 1231.31(6)    11.40(5)    1976(13)      33407(188)    1226.26(6)    613.13(3)
 6 1180.51(16)   11.37(5)    187(4)        3157(62)      1175.47(15)   587.73(8)
 7 1142.4(12)    11.35(5)    6.5(10)       110(16)       1137.4(12)    568.7(6)
Background: A = 0.74(8),  B = 0.0007(4),  C = 0.0(0)
      Shape: R = 28.0(0),  Beta = 10.430(0),  Step = 0.0(0)
   position      width       height        area          centroid      energy
 1 1059.65(8)    10.63(7)    416(6)        6718(84)      1054.48(8)    527.24(4)
 2 1010.72(9)    10.60(7)    381(5)        6145(80)      1005.55(9)    502.77(4)
 3 923.2(9)      10.56(7)    5.4(7)        87(11)        918.1(9)      459.0(4)
 4 863.2(5)      10.52(7)    14.4(10)      231(17)       858.0(5)      428.99(24)
 5 808.77(17)    10.49(7)    102(3)        1631(47)      803.58(17)    401.79(9)
 6 789.23(21)    10.48(7)    99(3)         1589(46)      784.04(21)    392.02(11)
 7 736.41(20)    10.45(7)    71.2(22)      1137(35)      731.21(20)    365.61(10)
 8 665.22(7)     10.41(7)    581(7)        9243(100)     660.02(7)     330.01(4)
 9 627.73(20)    10.38(7)    104(3)        1650(46)      622.52(20)    311.26(10)
10 583.31(24)    10.36(7)    53.2(20)      845(31)       578.09(24)    289.05(12)
Background: A = 0.52(17),  B = 0.0041(18),  C = 0.0(0)
      Shape: R = 28.0(0),  Beta = 10.430(0),  Step = 0.0(0)
   position      width       height        area          centroid      energy
 1 509.0(5)      9.66(16)    15.3(12)      233(19)       503.7(5)      251.83(23)
 2 489.7(5)      9.65(16)    17.3(13)      263(20)       484.3(5)      242.16(25)
 3 460.0(4)      9.63(16)    19.0(13)      288(19)       454.6(4)      227.31(21)
 4 425.6(4)      9.61(16)    18.2(14)      276(21)       420.2(4)      210.11(22)
 5 406.91(23)    9.60(16)    64(3)         973(36)       401.55(23)    200.77(11)
 6 379.77(12)    9.58(16)    247(5)        3731(65)      374.40(12)    187.20(6)
Background: -1
Background: -1
Background: -1
Background: -1

