Background: A = 1.47(18),  B = -0.0005(7),  C = 0.0(0)
      Shape: R = 39(15),  Beta = 17(5),  Step = 0.0(0)
   position      width       height        area          centroid      energy
 1 1232.2(14)    13.2(10)    9.3(10)       234(26)       1221(3)       610.6(14)
 2 1180.7(15)    13.2(10)    11.1(10)      279(24)       1170(3)       584.8(15)
 3 1140.5(19)    13.2(10)    5.2(7)        130(18)       1129(3)       564.7(17)
 4 1101.6(14)    13.2(10)    13.9(12)      351(27)       1091(3)       545.3(14)
 5 1059.5(24)    13.1(10)    3.5(7)        88(17)        1048(4)       524.2(19)
 6 1027(3)       13.1(10)    2.5(6)        64(14)        1016(4)       508.1(19)
 7 953.6(21)     13.1(10)    3.1(6)        79(16)        943(3)        471.3(16)
 8 906.9(20)     13.1(10)    3.5(6)        89(16)        896(3)        447.9(16)
 9 845.9(19)     13.0(10)    4.1(7)        103(18)       835(3)        417.4(16)
10 778.0(19)     13.0(10)    3.7(7)        92(18)        767(3)        383.5(16)
Background: A = 2.6(3),  B = -0.0013(14),  C = 0.0(0)
      Shape: R = 0.0(0),  Beta = 15.0(0),  Step = 0.0(0)
   position      width       height        area          centroid      energy
 1 603.7(11)     21.6(8)     7.5(8)        173(19)       603.7(11)     301.9(5)
 2 565.8(9)      21.6(8)     10.3(9)       237(21)       565.8(9)      282.9(4)
 3 522(4)        21.6(8)     1.3(6)        31(14)        522(4)        261.2(22)
 4 486.3(13)     21.6(8)     6.1(7)        140(18)       486.3(13)     243.1(6)
 5 449(3)        21.5(8)     2.4(6)        55(15)        449(3)        224.5(14)
 6 407.0(12)     21.5(8)     6.9(8)        158(19)       407.0(12)     203.5(6)
 7 370.4(9)      21.5(8)     9.7(9)        223(22)       370.4(9)      185.2(5)
 8 333.6(24)     21.5(8)     2.9(7)        66(18)        333.6(24)     166.8(12)
 9 283.2(10)     21.4(8)     8.7(9)        199(24)       283.2(10)     141.6(5)

