Background: A = 3.4(22),  B = -0.04(5),  C = 0.0(0)
      Shape: R = 43(37),  Beta = 11(6),  Step = 0.0(0)
   position      width       height        area          centroid      energy
 1 1409.1(20)    13.4(13)    61(7)         1345(129)     1402.0(24)    701.0(12)
 2 1390.4(18)    13.4(13)    46(7)         1003(87)      1383.3(22)    691.6(11)
Background: A = 2.21(20),  B = -0.0017(8),  C = 0.0(0)
      Shape: R = 30(9),  Beta = 13(3),  Step = 0.0(0)
   position      width       height        area          centroid      energy
 1 1060.6(7)     14.1(5)     28.5(15)      603(32)       1054.2(11)    527.1(6)
 2 1013.8(7)     14.0(5)     41.3(18)      872(37)       1007.4(12)    503.7(6)
 3 978.1(8)      14.0(5)     21.0(14)      444(28)       971.7(13)     485.8(7)
 4 940.7(7)      14.0(5)     39.5(18)      834(35)       934.3(12)     467.1(6)
 5 902.4(13)     14.0(5)     8.9(11)       187(22)       896.0(18)     448.0(9)
 6 877.1(12)     13.9(5)     8.2(9)        173(19)       870.6(15)     435.3(8)
 7 797.2(11)     13.9(5)     8.2(9)        173(20)       790.8(14)     395.4(7)
 8 749.2(9)      13.9(5)     13.1(11)      275(23)       742.7(13)     371.4(6)
 9 692.1(9)      13.8(5)     14.8(12)      311(25)       685.7(13)     342.8(6)
10 624.8(10)     13.8(5)     10.3(11)      215(23)       618.3(14)     309.2(7)
Background: A = 3.4(5),  B = 0.0067(24),  C = 0.0(0)
      Shape: R = 30.0(0),  Beta = 7.10(0),  Step = 0.0(0)
   position      width       height        area          centroid      energy
 1 460.7(7)      22.8(6)     18.3(12)      491(34)       458.1(7)      229.1(4)
 2 421.1(5)      22.8(6)     29.0(14)      774(38)       418.6(5)      209.3(3)
 3 373(4)        22.8(6)     3.3(9)        88(25)        370(4)        185.0(19)
 4 347.4(24)     22.7(6)     6.0(10)       160(27)       344.8(24)     172.4(12)
 5 314.4(14)     22.7(6)     8.4(9)        225(27)       311.8(14)     155.9(7)
 6 274.4(9)      22.7(6)     13.7(10)      364(30)       271.8(9)      135.9(5)
 7 236.9(5)      22.7(6)     30.9(14)      822(39)       234.3(5)      117.2(3)
 8 196.5(24)     22.6(6)     3.8(10)       100(27)       193.9(24)     96.9(12)
 9 149.2(7)      22.6(6)     16.0(13)      425(39)       146.6(7)      73.3(3)



