Background: A = 0.80(5),  B = 0.0012(2),  C = 0.0(0)
      Shape: R = 31.9(10),  Beta = 9.62(11),  Step = 0.0(0)
   position      width       height        area          centroid      energy
 1 1822.20(8)    11.71(6)    2261(15)      39265(205)    1817.28(5)    908.64(3)
 2 1518.04(10)   11.56(6)    526(6)        9057(96)      1513.10(8)    756.55(4)
 3 1439.24(10)   11.52(6)    491(6)        8434(93)      1434.29(9)    717.15(4)
 4 1256.32(22)   11.42(6)    76.8(25)      1312(42)      1251.35(22)   625.68(11)
 5 1232.51(9)    11.41(6)    1113(10)      19008(142)    1227.55(7)    613.78(3)
 6 1181.88(15)   11.38(6)    190(4)        3232(60)      1176.91(14)   588.46(7)
 7 1145.8(9)     11.36(6)    10.4(11)      177(18)       1140.8(9)     570.4(4)
Background: A = 0.67(10),  B = -0.0014(8),  C = 0.0(0)
      Shape: R = 31.90(0),  Beta = 9.620(0),  Step = 0.0(0)
   position      width       height        area          centroid      energy
 1 1060.69(8)    10.61(9)    547(7)        8910(97)      1055.61(8)    527.80(4)
 2 1011.64(11)   10.58(9)    241(4)        3915(64)      1006.56(11)   503.28(6)
 3 925.7(11)     10.53(9)    3.5(6)        57(10)        920.6(11)     460.3(6)
 4 864.2(4)      10.50(9)    18.8(12)      304(19)       859.1(4)      429.53(20)
 5 808.26(21)    10.47(9)    74(3)         1190(41)      803.16(21)    401.58(11)
 6 790.0(3)      10.46(9)    57.0(24)      920(38)       784.9(3)      392.46(15)
 7 736.07(20)    10.43(9)    70.1(23)      1130(36)      730.96(20)    365.48(10)
Background: A = -0.5(4),  B = 0.034(11),  C = 0.0(0)
      Shape: R = 31.90(0),  Beta = 9.620(0),  Step = 0.0(0)
   position      width       height        area          centroid      energy
 1 666.16(10)    9.71(13)    379(7)        5847(81)      660.94(10)    330.47(5)
 2 628.18(25)    9.69(13)    63(3)         975(42)       622.95(25)    311.47(12)
Background: A = 2.7(4),  B = 0.074(13),  C = 0.0(0)
      Shape: R = 31.90(0),  Beta = 9.620(0),  Step = 0.0(0)
   position      width       height        area          centroid      energy
 1 583.4(3)      14.2(5)     59(3)         1162(42)      578.8(3)      289.41(14)
Background: A = 0.68(16),  B = 0.0056(18),  C = 0.0(0)
      Shape: R = 31.90(0),  Beta = 9.620(0),  Step = 0.0(0)
   position      width       height        area          centroid      energy
 1 509.5(4)      10.07(18)   18.3(13)      288(21)       504.4(4)      252.19(22)
 2 491.4(8)      10.06(18)   9.6(11)       152(18)       486.3(8)      243.1(4)
 3 460.0(4)      10.04(18)   19.4(13)      306(20)       454.8(4)      227.41(21)
 4 427.3(4)      3.32(18)    11.7(15)      108(14)       420.2(4)      210.09(18)
 5 406.9(3)      10.01(18)   35.9(18)      564(27)       401.7(3)      200.85(15)
 6 380.05(13)    9.99(18)    199(5)        3129(59)      374.87(13)    187.43(7)
Background: A = 0.0(0),  B = -0.0244(17),  C = 0.0(0)
      Shape: R = 31.90(0),  Beta = 9.620(0),  Step = 0.0(0)
   position      width       height        area          centroid      energy
 1 305.17(21)    2.75(14)    15.2(13)      133(11)       297.74(21)    148.87(11)
 2 279.4(5)      10.30(14)   12.3(9)       197(15)       274.2(5)      137.12(24)
 3 248.34(21)    10.28(14)   64.6(23)      1032(34)      243.21(21)    121.60(10)
 4 212.75(11)    10.26(14)   289(5)        4612(70)      207.62(11)    103.81(5)
 


