Background: A = 2.42(24),  B = -0.0009(9),  C = 0.0(0)
      Shape: R = 46(13),  Beta = 16(3),  Step = 0.0(0)
   position      width       height        area          centroid      energy
 1 1232.2(12)    13.7(8)     19.2(15)      521(33)       1220.8(16)    610.4(8)
 2 1182.2(12)    13.7(8)     26.3(18)      713(37)       1170.8(17)    585.4(9)
 3 1144.7(14)    13.7(8)     10.9(11)      294(27)       1133.3(20)    566.7(10)
 4 1106.9(12)    13.6(8)     23.4(16)      632(33)       1095.4(17)    547.7(8)
 5 1060.4(15)    13.6(8)     10.6(10)      286(24)       1049.0(20)    524.5(10)
 6 1024.1(20)    13.6(8)     4.8(7)        130(19)       1012.6(25)    506.3(12)
 7 956.7(13)     13.6(8)     12.2(12)      329(29)       945.3(17)     472.7(8)
 8 908.5(14)     13.5(8)     10.6(10)      285(25)       897.0(19)     448.5(9)
 9 845.1(13)     13.5(8)     10.8(11)      292(28)       833.7(18)     416.8(9)
10 777.3(16)     13.5(8)     6.7(10)       181(26)       765.8(20)     382.9(10)
Background: A = 4.6(4),  B = 0.0(0),  C = 0.0(0)
      Shape: R = 39.0(0),  Beta = 9.5(21),  Step = 0.0(0)
   position      width       height        area          centroid      energy
 1 603.0(10)     17.8(9)     12.6(11)      306(32)       598.0(14)     299.0(7)
 2 563.1(8)      17.8(9)     17.9(12)      434(33)       558.1(15)     279.1(7)
 3 511(3)        17.7(9)     2.7(8)        65(21)        506(4)        253.2(19)
 4 483.9(19)     17.7(9)     5.4(9)        131(24)       478.9(24)     239.4(12)
 5 453.4(12)     17.7(9)     9.4(10)       228(27)       448.4(18)     224.2(9)
 6 408.5(9)      17.7(9)     12.3(10)      298(30)       403.5(16)     201.7(8)
 7 371.2(7)      17.7(9)     23.9(13)      575(36)       366.3(14)     183.1(7)
 8 331(3)        17.6(9)     3.4(9)        83(21)        326(4)        162.8(18)
 9 284.1(11)     17.6(9)     9.3(10)       224(28)       279.1(17)     139.6(8)


