Background: A = 0.56(5),  B = 0.0003(2),  C = 0.0(0)
      Shape: R = 37.7(16),  Beta = 9.39(12),  Step = 0.0(0)
   position      width       height        area          centroid      energy
 1 1821.60(12)   11.21(8)    707(8)        12445(114)    1816.18(9)    908.09(4)
 2 1516.54(12)   11.05(8)    587(7)        10236(103)    1511.10(9)    755.55(5)
 3 1437.53(13)   11.01(8)    550(7)        9573(100)     1432.08(9)    716.04(5)
 4 1253.7(4)     10.92(8)    20.7(13)      358(23)       1248.3(4)     624.14(22)
 5 1230.48(12)   10.90(8)    1009(10)      17470(136)    1225.02(8)    612.51(4)
 6 1180.19(21)   10.88(8)    110(3)        1899(47)      1174.72(20)   587.36(10)
 7 1143.8(7)     10.86(8)    11.5(10)      198(18)       1138.3(7)     569.2(4)
Background: A = 0.31(9),  B = -0.0015(7),  C = 0.0(0)
      Shape: R = 37.70(0),  Beta = 9.390(0),  Step = 0.0(0)
   position      width       height        area          centroid      energy
 1 1058.77(9)    9.92(11)    380(6)        6218(81)      1053.16(9)    526.58(5)
 2 1009.32(13)   9.89(11)    184(4)        3013(56)      1003.70(13)   501.85(6)
 3 919.7(13)     9.84(11)    2.4(5)        39(8)         914.1(13)     457.1(6)
 4 860.6(4)      9.81(11)    20.1(12)      327(19)       855.0(4)      427.51(18)
 5 808.7(3)      9.78(11)    26.1(14)      424(23)       803.1(3)      401.55(17)
 6 785.70(25)    9.77(11)    54.9(20)      891(32)       780.06(25)    390.03(12)
 7 731.8(3)      9.73(11)    38.6(17)      626(27)       726.2(3)      363.08(13)
Background: A = -1.0(5),  B = 0.036(13),  C = 0.0(0)
      Shape: R = 37.70(0),  Beta = 9.390(0),  Step = 0.0(0)
   position      width       height        area          centroid      energy
 1 663.27(10)    9.22(14)    344(6)        5404(78)      657.53(10)    328.77(5)
 2 625.57(21)    9.20(14)    81(3)         1276(47)      619.83(21)    309.92(10)
Background: A = 2.4(4),  B = 0.052(11),  C = 0.0(0)
      Shape: R = 37.70(0),  Beta = 9.390(0),  Step = 0.0(0)
   position      width       height        area          centroid      energy
 1 582.0(4)      13.5(7)     35.2(20)      695(34)       576.8(4)      288.41(19)
Background: A = 0.85(14),  B = 0.0058(14),  C = 0.0(0)
      Shape: R = 37.70(0),  Beta = 9.390(0),  Step = 0.0(0)
   position      width       height        area          centroid      energy
 1 506.6(5)      9.2(3)      16.4(13)      257(20)       500.9(5)      250.43(23)
 2 487.2(7)      9.2(3)      11.9(12)      186(18)       481.5(7)      240.7(3)
 3 456.7(6)      9.2(3)      9.7(10)       152(15)       451.0(6)      225.5(3)
 4 420.5(7)      9.2(3)      8.2(9)        128(14)       414.7(7)      207.4(3)
 5 400.3(4)      9.1(3)      26.5(17)      414(24)       394.6(4)      197.28(18)
 6 376.7(3)      9.1(3)      40.3(20)      630(28)       371.0(3)      185.48(15)
Background: A = 0.0(0),  B = -0.0210(17),  C = 0.0(0)
      Shape: R = 37.70(0),  Beta = 9.390(0),  Step = 0.0(0)
   position      width       height        area          centroid      energy
 1 297.2(5)      10.02(16)   7.1(7)        117(11)       291.6(5)      145.8(3)
 2 275.4(6)      10.01(16)   10.1(8)       167(14)       269.8(6)      134.9(3)
 3 246.09(24)    9.99(16)    48.5(19)      797(29)       240.48(24)    120.24(12)
 4 208.88(11)    9.97(16)    279(5)        4577(70)      203.27(11)    101.64(6)

