Background: A = 17.1(5),  B = -0.006(3),  C = -0.0007(1)
      Shape: R = 30.0(0),  Beta = 6.0(0),  Step = 0.0(0)
   position      width       height        area          centroid      energy
 1 1846.8(7)     14.87(18)   19.1(17)      346(32)       1844.5(7)     922.2(4)
Background: A = 4.63(17),  B = 0.0109(6),  C = 0.0(0)
      Shape: R = 21.5(14),  Beta = 12.8(4),  Step = 0.0(0)
   position      width       height        area          centroid      energy
 1 1792.49(15)   13.62(12)   340(5)        6481(87)      1787.32(16)   893.66(8)
 2 1629.31(19)   13.54(12)   152(3)        2881(59)      1624.12(20)   812.06(10)
 3 1562.5(6)     13.50(12)   18.7(13)      354(25)       1557.3(6)     778.7(3)
 4 1497.70(25)   13.47(12)   79.7(23)      1506(43)      1492.5(3)     746.25(13)
Background: -1
Background: A = 4.63(17),  B = 0.0109(6),  C = 0.0(0)
      Shape: R = 21.5(14),  Beta = 12.8(4),  Step = 0.0(0)
   position      width       height        area          centroid      energy
 1 1414.3(6)     13.43(12)   18.1(13)      341(25)       1409.1(6)     704.6(3)
 2 1392.1(7)     13.41(12)   18.1(13)      341(25)       1386.9(7)     693.4(3)
 3 1364.3(8)     13.40(12)   12.8(11)      240(21)       1359.1(8)     679.6(4)
Background: -1
Background: A = 4.63(17),  B = 0.0109(6),  C = 0.0(0)
      Shape: R = 21.5(14),  Beta = 12.8(4),  Step = 0.0(0)
   position      width       height        area          centroid      energy
 1 1295.36(14)   13.36(12)   490(6)        9209(100)     1290.15(15)   645.08(7)
Background: A = 0.0(0),  B = 0.0(0),  C = 0.0(0)
      Shape: R = 135(69),  Beta = 8.20(0),  Step = 0.0(0)
   position      width       height        area          centroid      energy
 1 1130.1(25)    14.6(10)    7.6(23)       240(18)       1121(3)       560.3(13)
 2 1104.2(25)    14.5(10)    6.0(18)       188(16)       1095(3)       547.3(14)
 3 1064.3(24)    14.5(10)    6.4(19)       200(15)       1055(3)       527.3(14)
 4 1031.0(24)    14.5(10)    28(8)         887(32)       1021(3)       510.7(13)
 5 992.4(24)     14.5(10)    10(3)         325(20)       983(3)        491.4(13)
 6 921.7(25)     14.4(10)    7.9(23)       249(23)       912(3)        456.1(13)
 7 902.0(24)     14.4(10)    15(5)         485(29)       892(3)        446.2(13)
 8 806.5(24)     14.4(10)    54(16)        1690(45)      796.9(25)     398.5(12)
 9 846(3)        14.4(10)    3.2(11)       100(15)       836(3)        418.1(17)
10 866.7(25)     14.5(10)    5.6(17)       175(18)       857(3)        428.5(15)
Background: A = 6.5(4),  B = -0.023(3),  C = 0.0(0)
      Shape: R = 190(15),  Beta = 5.4(5),  Step = 0.0(0)
   position      width       height        area          centroid      energy
 1 670.8(9)      10.6(3)     4.3(7)        110(16)       663.3(11)     331.7(6)
 2 646.2(9)      10.6(3)     4.8(7)        123(17)       638.7(11)     319.3(6)
 3 588.5(4)      10.6(3)     24.0(16)      613(31)       581.0(7)      290.5(4)
 4 559.4(13)     10.5(3)     3.6(7)        92(17)        551.9(16)     276.0(8)
 5 527.7(3)      10.5(3)     172(9)        4390(131)     520.2(7)      260.1(4)
 6 514.5(7)      10.5(3)     29(5)         736(92)       507.0(9)      253.5(4)
 7 489.6(20)     10.5(3)     2.7(8)        68(19)        482.1(24)     241.0(12)
 8 461.0(3)      10.5(3)     38.0(23)      970(47)       453.5(7)      226.7(4)
 9 444.3(4)      10.5(3)     38(3)         966(42)       436.8(8)      218.4(4)
Background: A = 2.14(25),  B = 0.008(3),  C = 0.0(0)
      Shape: R = 33(9),  Beta = 12.0(16),  Step = 0.0(0)
   position      width       height        area          centroid      energy
 1 384.2(12)     13.1(4)     11.3(15)      231(30)       377.7(13)     188.9(7)
 2 353.7(13)     13.1(4)     14.0(21)      286(41)       347.2(13)     173.6(7)
 3 296.5(13)     13.1(4)     7.8(11)       159(22)       290.0(14)     145.0(7)
 4 367.9(16)     13.1(4)     12.8(19)      262(39)       361.4(17)     180.7(8)
 5 315.2(12)     13.1(4)     8.3(11)       170(22)       308.7(13)     154.4(7)
 6 259.3(15)     13.1(4)     4.8(8)        98(17)        252.7(15)     126.4(8)
 7 178.8(7)      13.0(4)     29.8(16)      606(30)       172.2(7)      86.1(3)
 8 140.8(7)      13.0(4)     38.8(18)      788(35)       134.3(7)      67.1(4)
 9 111.5(7)      13.0(4)     22.8(15)      462(29)       104.9(8)      52.5(4)
10 78.7(6)       12.9(4)     53.7(22)      1088(42)      72.1(7)       36.1(4)
11 49.8(8)       12.9(4)     17.8(16)      361(33)       43.3(10)      21.6(5)
12 28.8(11)      12.9(4)     9.5(13)       193(27)       22.2(12)      11.1(6)



