Background: A = 3.49(20),  B = -0.0002(10),  C = 0.0(0)
      Shape: R = 243(54),  Beta = 5.0(0),  Step = 0.0(0)
   position      width       height        area          centroid      energy
 1 1234.9(12)    21.9(9)     15.8(20)      556(31)       1225.2(12)    612.6(6)
 2 1187.7(12)    21.9(9)     19.8(23)      699(33)       1178.0(12)    589.0(6)
 3 1150.9(10)    21.9(9)     14.0(17)      491(28)       1141.2(14)    570.6(7)
 4 1108.2(12)    21.9(9)     27(3)         953(38)       1098.5(11)    549.2(5)
 5 1070.3(13)    21.8(9)     10.3(14)      362(26)       1060.6(13)    530.3(7)
 6 1028.7(18)    21.8(9)     4.0(7)        141(19)       1018.9(18)    509.5(9)
 7 962.7(15)     21.8(9)     6.8(10)       238(21)       953.0(14)     476.5(7)
 8 912.9(16)     21.8(9)     5.6(9)        197(20)       903.1(14)     451.6(7)
 9 851.6(16)     21.7(9)     5.8(9)        202(20)       841.9(14)     420.9(7)
10 782.9(19)     21.7(9)     3.8(7)        132(18)       773.2(17)     386.6(9)
Background: A = 3.0(0),  B = 0.0(0),  C = 0.0(0)
      Shape: R = 22(4),  Beta = 15.0(0),  Step = 0.0(0)
   position      width       height        area          centroid      energy
 1 603.7(7)      18.0(6)     19.0(11)      462(28)       597.9(9)      299.0(4)
 2 567.0(7)      17.9(6)     26.5(14)      645(30)       561.2(9)      280.6(4)
 3 518.8(17)     17.9(6)     5.1(8)        125(18)       513.1(21)     256.5(10)
 4 488.0(8)      17.9(6)     16.7(11)      405(27)       482.2(10)     241.1(5)
 5 456.5(11)     17.9(6)     10.0(10)      242(22)       450.7(13)     225.4(7)
 6 410.7(8)      17.8(6)     15.8(10)      382(25)       404.9(10)     202.5(5)
 7 371.8(7)      17.8(6)     24.3(13)      589(29)       366.0(9)      183.0(4)
 8 331.3(23)     17.8(6)     3.6(7)        87(17)        325(3)        162.7(13)
 9 282.5(7)      17.8(6)     26.8(13)      648(31)       276.7(8)      138.4(4)



