Background: A = 3.56(18),  B = -0.0117(19),  C = 0.0(0)
      Shape: R = 17(3),  Beta = 13.3(15),  Step = 0.0(0)
   position      width       height        area          centroid      energy
 1 1846.8(4)     14.2(3)     31.5(16)      596(29)       1842.2(5)     921.1(3)
Background: A = 3.75(15),  B = 0.0082(5),  C = 0.0(0)
      Shape: R = 23.3(22),  Beta = 12.9(6),  Step = 0.0(0)
   position      width       height        area          centroid      energy
 1 1794.11(24)   14.07(18)   154(3)        3057(61)      1788.7(3)     894.33(13)
 2 1630.8(3)     13.98(18)   118(3)        2340(53)      1625.3(3)     812.66(13)
 3 1569.9(5)     13.95(18)   22.4(13)      444(26)       1564.5(6)     782.2(3)
 4 1498.8(4)     13.92(18)   42.0(17)      829(33)       1493.3(4)     746.67(19)
 5 1460.1(19)    13.90(18)   4.1(8)        82(16)        1454.7(19)    727.3(10)
 6 1415.0(9)     13.87(18)   10.2(10)      200(21)       1409.5(9)     704.8(5)
 7 1393.7(8)     13.86(18)   13.0(12)      256(23)       1388.2(8)     694.1(4)
 8 1366.1(8)     13.85(18)   11.4(10)      225(20)       1360.6(8)     680.3(4)
 9 1330.6(24)    13.83(18)   2.6(7)        50(13)        1325.1(24)    662.5(12)
10 1295.98(21)   13.81(18)   236(4)        4623(72)      1290.49(23)   645.25(11)
Background: A = 1.84(16),  B = 0.0010(12),  C = 0.0(0)
      Shape: R = 23.30(0),  Beta = 12.90(0),  Step = 0.0(0)
   position      width       height        area          centroid      energy
 1 1161(6)       12.6(3)     0.7(6)        13(10)        1156(6)       578(3)
 2 1124.1(5)     12.6(3)     16.3(12)      300(21)       1118.4(5)     559.2(3)
 3 1062.0(6)     12.6(3)     11.8(10)      218(18)       1056.3(6)     528.1(3)
 4 1025.9(4)     12.6(3)     25.6(14)      471(25)       1020.2(4)     510.10(21)
 5 980.1(8)      12.5(3)     9.3(9)        170(17)       974.4(8)      487.2(4)
 6 907.4(9)      12.5(3)     13.9(18)      254(32)       901.7(9)      450.8(4)
 7 894.7(11)     12.5(3)     13.2(18)      242(33)       889.0(11)     444.5(5)
 8 860.3(10)     12.5(3)     7.7(10)       140(18)       854.6(10)     427.3(5)
 9 840.3(19)     12.4(3)     3.5(8)        64(15)        834.5(19)     417.3(9)
10 802.2(3)      12.4(3)     59.0(23)      1077(37)      796.5(3)      398.25(13)
Background: A = 3.7(5),  B = -0.006(4),  C = 0.0(0)
      Shape: R = 153(36),  Beta = 6.1(7),  Step = 0.0(0)
   position      width       height        area          centroid      energy
 1 667.6(10)     10.2(6)     6.3(11)       155(18)       660.0(12)     330.0(6)
 2 646.0(9)      10.1(6)     7.9(13)       195(19)       638.5(12)     319.2(6)
Background: A = 0.0(0),  B = 0.0(0),  C = 0.0(0)
      Shape: R = 0.0(0),  Beta = 1.6596(0),  Step = 0.0(0)
   position      width       height        area          centroid      energy
 1 601.8(9)      12.94(15)   6.7(8)        93(11)        601.8(9)      300.9(4)
 2 583.5(4)      12.93(15)   29.1(17)      400(22)       583.5(4)      291.77(21)
 3 567.4(10)     12.92(15)   10.4(11)      142(16)       567.4(10)     283.7(5)
 4 551.1(6)      12.91(15)   12.1(11)      166(15)       551.1(6)      275.6(3)
 5 521.38(17)    12.89(15)   211(5)        2892(70)      521.38(17)    260.69(9)
 6 508.1(6)      12.88(15)   55(4)         752(51)       508.1(6)      254.0(3)
 7 493.8(18)     12.88(15)   8.9(16)       122(22)       493.8(18)     246.9(9)
 8 479.1(8)      12.86(15)   12.9(13)      177(17)       479.1(8)      239.5(4)
 9 456.6(3)      12.85(15)   41.0(21)      560(27)       456.6(3)      228.31(17)
10 439.5(3)      12.84(15)   62(3)         841(35)       439.5(3)      219.73(17)
11 425.9(10)     12.83(15)   13.2(18)      180(24)       425.9(10)     212.9(5)
12 407.1(6)      12.82(15)   9.4(9)        128(12)       407.1(6)      203.5(3)
Background: A = 0.0(0),  B = 0.0(0),  C = 0.0(0)
      Shape: R = 0.0(0),  Beta = 15.0745(0),  Step = 0.0(0)
   position      width       height        area          centroid      energy
 1 382.4(15)     21.4(11)    10.9(15)      249(32)       382.4(15)     191.2(8)
 2 362(3)        21.4(11)    9.6(18)       219(35)       362(3)        181.1(16)
Background: -1
Background: -1
Background: A = 0.0(0),  B = 0.0(0),  C = 0.0(0)
      Shape: R = 0.0(0),  Beta = 15.0745(0),  Step = 0.0(0)
   position      width       height        area          centroid      energy
 1 310(3)        21.4(11)    11(4)         255(91)       310(3)        155.2(15)
 2 296(9)        21.4(11)    5(3)          125(74)       296(9)        148(4)
 3 277(8)        21.3(11)    3.3(15)       76(33)        277(8)        138(4)
 4 255.7(16)     21.3(11)    9.7(11)       220(26)       255.7(16)     127.8(8)
 5 225.1(19)     21.3(11)    3.0(5)        69(10)        225.1(19)     112.5(9)
Background: A = 0.0(0),  B = 0.0(0),  C = 0.0(0)
      Shape: R = 0.0(0),  Beta = 1.5315(0),  Step = 0.0(0)
   position      width       height        area          centroid      energy
 1 175.0(4)      20.4(3)     23.2(12)      505(23)       175.0(4)      87.50(22)
 2 137.3(5)      20.4(3)     21.9(12)      476(24)       137.3(5)      68.6(3)
 3 109.6(8)      20.4(3)     14.2(10)      309(20)       109.6(8)      54.8(4)
 4 75.7(5)       20.4(3)     27.8(13)      603(27)       75.7(5)       37.8(3)
 5 49.3(12)      20.4(3)     12.2(11)      264(22)       49.3(12)      24.6(6)
 6 27.7(12)      20.3(3)     8.2(9)        178(20)       27.7(12)      13.8(6)


