Background: A = 2.68(21),  B = -0.0000(9),  C = 0.0(0)
      Shape: R = 43(18),  Beta = 15(4),  Step = 0.0(0)
   position      width       height        area          centroid      energy
 1 1231.4(15)    13.8(10)    12.9(13)      325(28)       1221.6(20)    610.8(10)
 2 1182.7(16)    13.8(10)    14.1(13)      356(27)       1173.0(22)    586.5(11)
 3 1142.7(19)    13.8(10)    7.1(9)        180(21)       1133(3)       566.5(13)
 4 1103.9(15)    13.7(10)    21.4(18)      538(35)       1094.1(21)    547.1(11)
 5 1068.5(22)    13.7(10)    5.5(10)       139(24)       1059(3)       529.4(15)
 6 1044(4)       13.7(10)    2.1(7)        54(18)        1035(4)       517.4(21)
 7 956.6(16)     13.7(10)    9.3(11)       234(26)       946.8(21)     473.4(11)
 8 907.9(17)     13.6(10)    8.1(9)        202(22)       898.1(23)     449.1(12)
 9 843.4(18)     13.6(10)    6.5(9)        163(23)       833.6(23)     416.8(12)
10 776.6(18)     13.6(10)    5.9(10)       147(23)       766.8(24)     383.4(12)
Background: A = 3.0(0),  B = 0.0(0),  C = 0.0(0)
      Shape: R = 0.0(0),  Beta = 1.6419(0),  Step = 0.0(0)
   position      width       height        area          centroid      energy
 1 599.6(11)     21.4(4)     8.1(8)        185(17)       599.6(11)     299.8(6)
 2 564.1(7)      21.3(4)     15.8(10)      360(22)       564.1(7)      282.1(3)
 3 527(3)        21.3(4)     2.6(6)        59(13)        527(3)        263.4(13)
 4 486.6(8)      21.3(4)     12.9(9)       293(20)       486.6(8)      243.3(4)
 5 453.4(19)     21.3(4)     4.0(6)        91(14)        453.4(19)     226.7(10)
 6 406.5(10)     21.2(4)     8.4(8)        189(18)       406.5(10)     203.3(5)
 7 369.2(7)      21.2(4)     15.8(10)      356(22)       369.2(7)      184.6(3)
 8 338(3)        21.2(4)     2.8(6)        64(14)        338(3)        169.0(13)
 9 281.1(6)      21.2(4)     15.7(10)      354(22)       281.1(6)      140.6(3)

