    0.63388E-01   0.63388E-01   0.63385E-01   0.63366E-01   0.63336E-01
    0.63379E-01   0.63458E-01   0.63515E-01   0.63539E-01   0.63534E-01
    0.63527E-01   0.63514E-01   0.63448E-01   0.63343E-01   0.63217E-01
    0.62915E-01   0.62855E-01   0.62626E-01   0.62410E-01   0.62174E-01
    0.61934E-01   0.61723E-01   0.61489E-01   0.61355E-01   0.61258E-01
    0.61240E-01   0.61305E-01   0.61458E-01   0.61785E-01   0.62204E-01
    0.62779E-01   0.63511E-01   0.64402E-01   0.65450E-01   0.66654E-01
    0.67994E-01   0.69428E-01   0.71024E-01   0.72635E-01   0.74260E-01
    0.75861E-01   0.77375E-01   0.78741E-01   0.79928E-01   0.80868E-01
    0.81502E-01   0.81823E-01   0.81766E-01   0.81304E-01   0.80412E-01
    0.79105E-01   0.77393E-01   0.75283E-01   0.72816E-01   0.70044E-01
    0.66983E-01   0.63733E-01   0.60348E-01   0.56894E-01   0.53458E-01
    0.50095E-01
