    0.67844E-01   0.67854E-01   0.67883E-01   0.67930E-01   0.67988E-01
    0.68054E-01   0.68121E-01   0.68180E-01   0.68225E-01   0.68248E-01
    0.68240E-01   0.68196E-01   0.68109E-01   0.67977E-01   0.67796E-01
    0.67567E-01   0.67293E-01   0.66978E-01   0.66630E-01   0.66259E-01
    0.65877E-01   0.65500E-01   0.65144E-01   0.64830E-01   0.64578E-01
    0.64411E-01   0.64353E-01   0.64425E-01   0.64652E-01   0.65053E-01
    0.65646E-01   0.66444E-01   0.67455E-01   0.68680E-01   0.70111E-01
    0.71733E-01   0.73519E-01   0.75437E-01   0.77440E-01   0.79478E-01
    0.81490E-01   0.83412E-01   0.85175E-01   0.86713E-01   0.87957E-01
    0.88848E-01   0.89330E-01   0.89360E-01   0.88908E-01   0.87954E-01
    0.86497E-01   0.84550E-01   0.82140E-01   0.79312E-01   0.76120E-01
    0.72631E-01   0.68922E-01   0.65075E-01   0.61174E-01   0.57305E-01
    0.53549E-01
