    0.42188E-01   0.42193E-01   0.42205E-01   0.42224E-01   0.42248E-01
    0.42274E-01   0.42299E-01   0.42319E-01   0.42329E-01   0.42328E-01
    0.42311E-01   0.42275E-01   0.42218E-01   0.42141E-01   0.42041E-01
    0.41922E-01   0.41785E-01   0.41635E-01   0.41477E-01   0.41317E-01
    0.41165E-01   0.41028E-01   0.40917E-01   0.40845E-01   0.40824E-01
    0.40867E-01   0.40988E-01   0.41201E-01   0.41519E-01   0.41956E-01
    0.42521E-01   0.43224E-01   0.44070E-01   0.45060E-01   0.46192E-01
    0.47456E-01   0.48837E-01   0.50314E-01   0.51860E-01   0.53442E-01
    0.55022E-01   0.56556E-01   0.57999E-01   0.59304E-01   0.60425E-01
    0.61318E-01   0.61944E-01   0.62267E-01   0.62262E-01   0.61913E-01
    0.61211E-01   0.60161E-01   0.58776E-01   0.57082E-01   0.55114E-01
    0.52913E-01   0.50531E-01   0.48023E-01   0.45448E-01   0.42865E-01
    0.40334E-01
