    0.56106E-01   0.56110E-01   0.56121E-01   0.56139E-01   0.56162E-01
    0.56186E-01   0.56208E-01   0.56227E-01   0.56237E-01   0.56237E-01
    0.56223E-01   0.56194E-01   0.56148E-01   0.56087E-01   0.56011E-01
    0.55922E-01   0.55825E-01   0.55725E-01   0.55627E-01   0.55539E-01
    0.55470E-01   0.55428E-01   0.55423E-01   0.55464E-01   0.55562E-01
    0.55727E-01   0.55967E-01   0.56293E-01   0.56711E-01   0.57228E-01
    0.57849E-01   0.58575E-01   0.59406E-01   0.60337E-01   0.61359E-01
    0.62461E-01   0.63624E-01   0.64829E-01   0.66047E-01   0.67249E-01
    0.68401E-01   0.69467E-01   0.70408E-01   0.71185E-01   0.71762E-01
    0.72103E-01   0.72176E-01   0.71957E-01   0.71424E-01   0.70568E-01
    0.69384E-01   0.67878E-01   0.66065E-01   0.63968E-01   0.61621E-01
    0.59061E-01   0.56336E-01   0.53495E-01   0.50593E-01   0.47684E-01
    0.44823E-01
