    0.41773E-01   0.41777E-01   0.41788E-01   0.41805E-01   0.41825E-01
    0.41848E-01   0.41868E-01   0.41884E-01   0.41891E-01   0.41886E-01
    0.41866E-01   0.41829E-01   0.41774E-01   0.41698E-01   0.41603E-01
    0.41491E-01   0.41364E-01   0.41225E-01   0.41081E-01   0.40938E-01
    0.40803E-01   0.40686E-01   0.40597E-01   0.40545E-01   0.40544E-01
    0.40606E-01   0.40743E-01   0.40967E-01   0.41292E-01   0.41729E-01
    0.42287E-01   0.42974E-01   0.43796E-01   0.44752E-01   0.45839E-01
    0.47049E-01   0.48367E-01   0.49774E-01   0.51242E-01   0.52742E-01
    0.54236E-01   0.55685E-01   0.57045E-01   0.58272E-01   0.59323E-01
    0.60155E-01   0.60731E-01   0.61019E-01   0.60993E-01   0.60638E-01
    0.59946E-01   0.58921E-01   0.57576E-01   0.55934E-01   0.54028E-01
    0.51898E-01   0.49592E-01   0.47164E-01   0.44668E-01   0.42164E-01
    0.39706E-01
