    0.49868E-30   0.50027E-30   0.50500E-30   0.51270E-30   0.52309E-30
    0.53580E-30   0.55036E-30   0.56627E-30   0.58295E-30   0.59982E-30
    0.61636E-30   0.63210E-30   0.64670E-30   0.66001E-30   0.67208E-30
    0.68325E-30   0.69416E-30   0.70581E-30   0.71952E-30   0.73701E-30
    0.76029E-30   0.79168E-30   0.83367E-30   0.88888E-30   0.95987E-30
    0.10490E-29   0.11584E-29   0.12895E-29   0.14432E-29   0.16195E-29
    0.18175E-29   0.20353E-29   0.22700E-29   0.25178E-29   0.27738E-29
    0.30324E-29   0.32877E-29   0.35333E-29   0.37627E-29   0.39698E-29
    0.41490E-29   0.42955E-29   0.44055E-29   0.44763E-29   0.45065E-29
    0.44961E-29   0.44463E-29   0.43594E-29   0.42390E-29   0.40894E-29
    0.39157E-29   0.37234E-29   0.35184E-29   0.33064E-29   0.30931E-29
    0.28837E-29   0.26831E-29   0.24953E-29   0.23238E-29   0.21710E-29
    0.20386E-29
