    0.61799       0.61837       0.61960       0.62189       0.62560    
    0.63107       0.63814       0.64747       0.65918       0.67422    
    0.69360       0.71900       0.75115       0.79125       0.83573    
    0.88389       0.93785        1.0001        1.0674        1.1286    
     1.2402        1.3066        1.3919        1.4801        1.5695    
     1.6634        1.7587        1.8510        1.9454        2.0352    
     2.1246        2.2038        2.2776        2.3405        2.3956    
     2.4453        2.4768        2.5036        2.5151        2.5191    
     2.5069        2.4880        2.4561        2.4179        2.3706    
     2.3161        2.2539        2.1882        2.1188        2.0504    
     1.9799        1.9114        1.8449        1.7831        1.7238    
     1.6643        1.6164        1.5708        1.5298        1.4926    
     1.4618    
