    0.70491       0.70535       0.70692       0.71058       0.72206    
    0.68350       0.71103       0.72402       0.73851       0.75151    
    0.78484       0.81375       0.85020       0.89706       0.95414    
     1.0196        1.0890        1.1697        1.2568        1.3358    
     1.4398        1.5422        1.6641        1.7861        1.8985    
     2.0073        2.1191        2.2460        2.3369        2.4391    
     2.5366        2.6265        2.7159        2.7865        2.8149    
     2.9048        2.9314        2.9385        2.9269        2.9254    
     2.9035        2.8698        2.8275        2.7664        2.7001    
     2.6360        2.5635        2.4831        2.4041        2.3222    
     2.2397        2.1624        2.0832        2.0119        1.9418    
     1.8778        1.8202        1.7669        1.7160        1.6679    
     1.6274    
