    0.65453       0.65479       0.65563       0.65730       0.66014    
    0.66464       0.67137       0.68094       0.69402       0.71124    
    0.73322       0.76050       0.79355       0.83275       0.87835    
    0.93051       0.98924        1.0545        1.1259        1.2033    
     1.2861        1.3738        1.4655        1.5606        1.6580    
     1.7568        1.8559        1.9540        2.0501        2.1429    
     2.2310        2.3134        2.3888        2.4560        2.5140    
     2.5618        2.5987        2.6241        2.6375        2.6389    
     2.6284        2.6063        2.5734        2.5305        2.4787    
     2.4194        2.3539        2.2838        2.2107        2.1361    
     2.0614        1.9881        1.9171        1.8497        1.7864    
     1.7279        1.6745        1.6262        1.5829        1.5444    
     1.5100    
