    0.51006       0.51065       0.51243       0.51551       0.52003    
    0.52619       0.53422       0.54437       0.55692       0.57213    
    0.59025       0.61154       0.63620       0.66443       0.69637    
    0.73216       0.77190       0.81564       0.86340       0.91519    
    0.97092        1.0305        1.0937        1.1603        1.2300    
     1.3023        1.3765        1.4522        1.5284        1.6043    
     1.6789        1.7509        1.8194        1.8829        1.9405    
     1.9908        2.0329        2.0658        2.0888        2.1014    
     2.1034        2.0949        2.0762        2.0479        2.0109    
     1.9665        1.9157        1.8602        1.8014        1.7409    
     1.6800        1.6203        1.5628        1.5087        1.4587    
     1.4135        1.3733        1.3382        1.3081        1.2826    
     1.2611    
