    0.61842E-01   0.61840E-01   0.61832E-01   0.61813E-01   0.61806E-01
    0.61858E-01   0.61925E-01   0.61975E-01   0.61995E-01   0.61989E-01
    0.61984E-01   0.61968E-01   0.61908E-01   0.61814E-01   0.61702E-01
    0.61446E-01   0.61383E-01   0.61185E-01   0.61000E-01   0.60802E-01
    0.60604E-01   0.60436E-01   0.60249E-01   0.60164E-01   0.60114E-01
    0.60139E-01   0.60243E-01   0.60433E-01   0.60781E-01   0.61217E-01
    0.61796E-01   0.62522E-01   0.63386E-01   0.64397E-01   0.65547E-01
    0.66818E-01   0.68171E-01   0.69669E-01   0.71179E-01   0.72693E-01
    0.74179E-01   0.75579E-01   0.76836E-01   0.77922E-01   0.78772E-01
    0.79330E-01   0.79597E-01   0.79507E-01   0.79029E-01   0.78147E-01
    0.76876E-01   0.75219E-01   0.73185E-01   0.70813E-01   0.68149E-01
    0.65210E-01   0.62089E-01   0.58835E-01   0.55514E-01   0.52203E-01
    0.48958E-01
