    0.42379       0.42429       0.42579       0.42833       0.43193    
    0.43666       0.44259       0.44980       0.45841       0.46853    
    0.48030       0.49387       0.50939       0.52705       0.54702    
    0.56950       0.59470       0.62282       0.65408       0.68868    
    0.72681       0.76862       0.81423       0.86368       0.91692    
    0.97377        1.0339        1.0970        1.1622        1.2289    
     1.2960        1.3624        1.4269        1.4881        1.5447    
     1.5954        1.6388        1.6739        1.6996        1.7154    
     1.7207        1.7156        1.7001        1.6750        1.6409    
     1.5991        1.5509        1.4977        1.4413        1.3832    
     1.3252        1.2687        1.2151        1.1656        1.1212    
     1.0825        1.0499        1.0235        1.0031       0.98828    
    0.97835    
