    0.46211       0.46277       0.46476       0.46814       0.47302    
    0.47957       0.48801       0.49862       0.51146       0.52584    
    0.54294       0.56277       0.58605       0.61280       0.64216    
    0.67568       0.71054       0.74991       0.79025       0.82928    
    0.87907       0.94010        1.0044        1.0639        1.1282    
     1.1901        1.2595        1.3304        1.4032        1.4754    
     1.5466        1.6162        1.6856        1.7447        1.8018    
     1.8492        1.8935        1.9269        1.9513        1.9624    
     1.9682        1.9598        1.9441        1.9205        1.8843    
     1.8428        1.7943        1.7411        1.6861        1.6293    
     1.5720        1.5157        1.4616        1.4110        1.3655    
     1.3231        1.2863        1.2548        1.2283        1.2061    
     1.1886    
