    0.87632       0.87662       0.87745       0.87859       0.87977    
    0.88060       0.88053       0.87896       0.87529       0.86835    
    0.85770       0.84233       0.82137       0.79439       0.76096    
    0.72126       0.67595       0.62619       0.57340       0.51990    
    0.46772       0.41892       0.37510       0.33726       0.30559    
    0.27961       0.25827       0.24008       0.22382       0.20774    
    0.19168       0.17527       0.15866       0.14249       0.12732    
    0.11369       0.10189       0.91952E-01   0.83632E-01   0.76545E-01
    0.70223E-01   0.64284E-01   0.58493E-01   0.52755E-01   0.47158E-01
    0.41863E-01   0.37053E-01   0.32880E-01   0.29400E-01   0.26571E-01
    0.24268E-01   0.22318E-01   0.20546E-01   0.18821E-01   0.17068E-01
    0.15285E-01   0.13523E-01   0.11866E-01   0.10396E-01   0.91695E-02
    0.82038E-02
