    0.75950       0.75953       0.75973       0.76045       0.76226    
    0.76590       0.77220       0.78197       0.79560       0.81524    
    0.84339       0.87735       0.91899       0.96912        1.0428    
     1.1114        1.1901        1.2852        1.3836        1.4768    
     1.5936        1.7100        1.8472        1.9875        2.1199    
     2.2379        2.3610        2.4989        2.5997        2.7135    
     2.8170        2.9103        3.0129        3.0827        3.1500    
     3.1829        3.2068        3.2195        3.1927        3.1846    
     3.1546        3.1124        3.0582        2.9897        2.9157    
     2.8384        2.7551        2.6697        2.5836        2.4901    
     2.3954        2.3157        2.2303        2.1534        2.0731    
     2.0044        1.9416        1.8837        1.8265        1.7721    
     1.7260    
