    0.66338E-01   0.66341E-01   0.66348E-01   0.66346E-01   0.66314E-01
    0.66331E-01   0.66428E-01   0.66503E-01   0.66536E-01   0.66530E-01
    0.66523E-01   0.66516E-01   0.66437E-01   0.66310E-01   0.66153E-01
    0.65733E-01   0.65698E-01   0.65402E-01   0.65117E-01   0.64798E-01
    0.64468E-01   0.64164E-01   0.63846E-01   0.63593E-01   0.63397E-01
    0.63291E-01   0.63276E-01   0.63357E-01   0.63648E-01   0.64043E-01
    0.64619E-01   0.65377E-01   0.66344E-01   0.67484E-01   0.68821E-01
    0.70324E-01   0.71990E-01   0.73767E-01   0.75610E-01   0.77484E-01
    0.79338E-01   0.81102E-01   0.82703E-01   0.84106E-01   0.85232E-01
    0.86016E-01   0.86447E-01   0.86454E-01   0.86006E-01   0.85092E-01
    0.83699E-01   0.81839E-01   0.79551E-01   0.76871E-01   0.73857E-01
    0.70529E-01   0.67002E-01   0.63335E-01   0.59609E-01   0.55905E-01
    0.52299E-01
