    0.53218       0.53271       0.53437       0.53724       0.54152    
    0.54743       0.55526       0.56530       0.57788       0.59331    
    0.61189       0.63391       0.65962       0.68923       0.72289    
    0.76076       0.80290       0.84937       0.90015       0.95519    
     1.0144        1.0775        1.1444        1.2146        1.2878    
     1.3634        1.4409        1.5194        1.5982        1.6762    
     1.7526        1.8260        1.8953        1.9595        2.0171    
     2.0672        2.1088        2.1408        2.1628        2.1741    
     2.1747        2.1647        2.1444        2.1145        2.0759    
     2.0297        1.9773        1.9202        1.8597        1.7975    
     1.7350        1.6736        1.6144        1.5586        1.5069    
     1.4599        1.4179        1.3809        1.3490        1.3215    
     1.2981    
