    0.62455E-01   0.62454E-01   0.62447E-01   0.62427E-01   0.62415E-01
    0.62466E-01   0.62538E-01   0.62589E-01   0.62611E-01   0.62605E-01
    0.62599E-01   0.62584E-01   0.62522E-01   0.62424E-01   0.62306E-01
    0.62033E-01   0.61971E-01   0.61762E-01   0.61565E-01   0.61352E-01
    0.61138E-01   0.60954E-01   0.60750E-01   0.60645E-01   0.60578E-01
    0.60586E-01   0.60675E-01   0.60850E-01   0.61189E-01   0.61619E-01
    0.62195E-01   0.62923E-01   0.63796E-01   0.64819E-01   0.65988E-01
    0.67284E-01   0.68664E-01   0.70201E-01   0.71747E-01   0.73302E-01
    0.74830E-01   0.76272E-01   0.77569E-01   0.78692E-01   0.79576E-01
    0.80162E-01   0.80449E-01   0.80371E-01   0.79899E-01   0.79013E-01
    0.77728E-01   0.76051E-01   0.73989E-01   0.71581E-01   0.68876E-01
    0.65891E-01   0.62722E-01   0.59419E-01   0.56047E-01   0.52689E-01
    0.49399E-01
