    0.42740E-01   0.42745E-01   0.42759E-01   0.42782E-01   0.42811E-01
    0.42842E-01   0.42873E-01   0.42899E-01   0.42915E-01   0.42918E-01
    0.42904E-01   0.42870E-01   0.42813E-01   0.42731E-01   0.42625E-01
    0.42495E-01   0.42345E-01   0.42177E-01   0.41997E-01   0.41814E-01
    0.41634E-01   0.41468E-01   0.41327E-01   0.41225E-01   0.41175E-01
    0.41193E-01   0.41292E-01   0.41490E-01   0.41801E-01   0.42240E-01
    0.42819E-01   0.43549E-01   0.44436E-01   0.45482E-01   0.46684E-01
    0.48032E-01   0.49510E-01   0.51097E-01   0.52762E-01   0.54469E-01
    0.56176E-01   0.57838E-01   0.59405E-01   0.60825E-01   0.62050E-01
    0.63031E-01   0.63726E-01   0.64099E-01   0.64121E-01   0.63775E-01
    0.63054E-01   0.61961E-01   0.60515E-01   0.58740E-01   0.56675E-01
    0.54368E-01   0.51870E-01   0.49243E-01   0.46549E-01   0.43851E-01
    0.41212E-01
