    0.65666E-01   0.65674E-01   0.65699E-01   0.65737E-01   0.65786E-01
    0.65840E-01   0.65895E-01   0.65943E-01   0.65978E-01   0.65993E-01
    0.65983E-01   0.65941E-01   0.65864E-01   0.65748E-01   0.65593E-01
    0.65399E-01   0.65168E-01   0.64906E-01   0.64619E-01   0.64317E-01
    0.64011E-01   0.63714E-01   0.63441E-01   0.63209E-01   0.63036E-01
    0.62941E-01   0.62944E-01   0.63065E-01   0.63322E-01   0.63733E-01
    0.64312E-01   0.65069E-01   0.66011E-01   0.67138E-01   0.68442E-01
    0.69911E-01   0.71521E-01   0.73241E-01   0.75033E-01   0.76850E-01
    0.78640E-01   0.80345E-01   0.81905E-01   0.83259E-01   0.84346E-01
    0.85113E-01   0.85509E-01   0.85494E-01   0.85040E-01   0.84129E-01
    0.82756E-01   0.80933E-01   0.78683E-01   0.76044E-01   0.73065E-01
    0.69805E-01   0.66334E-01   0.62725E-01   0.59056E-01   0.55405E-01
    0.51849E-01
