    0.42241       0.42315       0.42538       0.42913       0.43445    
    0.44141       0.45010       0.46062       0.47305       0.48752    
    0.50412       0.52298       0.54419       0.56788       0.59417    
    0.62317       0.65502       0.68984       0.72778       0.76896    
    0.81350       0.86146       0.91289       0.96775        1.0259    
     1.0872        1.1512        1.2176        1.2855        1.3543    
     1.4230        1.4905        1.5558        1.6175        1.6743    
     1.7250        1.7685        1.8036        1.8295        1.8456    
     1.8516        1.8473        1.8331        1.8094        1.7771    
     1.7373        1.6914        1.6406        1.5867        1.5310    
     1.4752        1.4207        1.3687        1.3203        1.2763    
     1.2374        1.2037        1.1754        1.1522        1.1338    
     1.1194    
