    0.75190       0.75191       0.75205       0.75270       0.75443    
    0.75802       0.76430       0.77406       0.78765       0.80620    
    0.83487       0.86804       0.90955       0.95905        1.0300    
     1.0983        1.1758        1.2685        1.3656        1.4577    
     1.5722        1.6862        1.8224        1.9590        2.0889    
     2.2055        2.3269        2.4627        2.5628        2.6744    
     2.7777        2.8704        2.9740        3.0261        3.1109    
     3.1436        3.1678        3.1802        3.1555        3.1482    
     3.1194        3.0783        3.0266        2.9585        2.8858    
     2.8098        2.7285        2.6436        2.5586        2.4667    
     2.3734        2.2944        2.2098        2.1338        2.0547    
     1.9867        1.9249        1.8676        1.8113        1.7578    
     1.7124    
