    0.64996       0.65031       0.65142       0.65349       0.65686    
    0.66195       0.66927       0.67923       0.69153       0.69971    
    0.72663       0.75334       0.78704       0.83374       0.87449    
    0.93362       0.99392        1.0628        1.1428        1.2038    
     1.2943        1.3853        1.4881        1.5963        1.6997    
     1.7867        1.8892        1.9924        2.0878        2.1863    
     2.2688        2.3569        2.4503        2.5234        2.5610    
     2.5861        2.6794        2.6726        2.6747        2.6763    
     2.6611        2.6358        2.6010        2.5509        2.4947    
     2.4400        2.3727        2.2996        2.2361        2.1604    
     2.0828        2.0079        1.9363        1.8700        1.8076    
     1.7476        1.6979        1.6474        1.6036        1.5619    
     1.5267    
