    0.79987       0.79985       0.79992       0.80045       0.80204    
    0.80548       0.81170       0.82173       0.83664       0.85750    
    0.88532       0.92100       0.96531        1.0188        1.0820    
     1.1549        1.2376        1.3297        1.4308        1.5401    
     1.6565        1.7790        1.9061        2.0363        2.1680    
     2.2995        2.4289        2.5545        2.6746        2.7876    
     2.8919        2.9861        3.0688        3.1392        3.1961    
     3.2390        3.2674        3.2810        3.2800        3.2645    
     3.2353        3.1930        3.1389        3.0741        3.0002    
     2.9187        2.8313        2.7398        2.6458        2.5511    
     2.4570        2.3651        2.2763        2.1918        2.1123    
     2.0381        1.9697        1.9070        1.8498        1.7980    
     1.7509    
