    0.60941       0.61011       0.61222       0.61568       0.62042    
    0.62629       0.63305       0.64032       0.64762       0.65424    
    0.65934       0.66198       0.66104       0.65540       0.64411    
    0.62628       0.60155       0.57007       0.53261       0.49053    
    0.44581       0.40060       0.35728       0.31794       0.28390    
    0.25589       0.23371       0.21640       0.20252       0.19049    
    0.17886       0.16667       0.15350       0.13950       0.12524    
    0.11146       0.98871E-01   0.87989E-01   0.78992E-01   0.71750E-01
    0.65887E-01   0.60888E-01   0.56288E-01   0.51726E-01   0.47032E-01
    0.42229E-01   0.37479E-01   0.33013E-01   0.29044E-01   0.25718E-01
    0.23062E-01   0.21004E-01   0.19385E-01   0.18018E-01   0.16729E-01
    0.15398E-01   0.13974E-01   0.12479E-01   0.10983E-01   0.95789E-02
    0.83523E-02
