    0.52364E-30   0.52506E-30   0.52928E-30   0.53615E-30   0.54541E-30
    0.55674E-30   0.56970E-30   0.58382E-30   0.59858E-30   0.61345E-30
    0.62793E-30   0.64158E-30   0.65409E-30   0.66528E-30   0.67519E-30
    0.68411E-30   0.69258E-30   0.70149E-30   0.71201E-30   0.72565E-30
    0.74422E-30   0.76981E-30   0.80467E-30   0.85119E-30   0.91173E-30
    0.98853E-30   0.10835E-29   0.11983E-29   0.13337E-29   0.14901E-29
    0.16667E-29   0.18623E-29   0.20742E-29   0.22993E-29   0.25334E-29
    0.27715E-29   0.30082E-29   0.32377E-29   0.34542E-29   0.36518E-29
    0.38254E-29   0.39702E-29   0.40823E-29   0.41591E-29   0.41987E-29
    0.42009E-29   0.41663E-29   0.40967E-29   0.39952E-29   0.38653E-29
    0.37117E-29   0.35392E-29   0.33532E-29   0.31591E-29   0.29620E-29
    0.27671E-29   0.25789E-29   0.24015E-29   0.22381E-29   0.20914E-29
    0.19632E-29
