    0.98705       0.98700       0.98679       0.98618       0.98483    
    0.98214       0.97755       0.97041       0.95994       0.94538    
    0.92604       0.90118       0.87044       0.83345       0.79050    
    0.74204       0.68904       0.63333       0.57647       0.52059    
    0.46768       0.41945       0.37696       0.34071       0.31042    
    0.28522       0.26393       0.24502       0.22720       0.20978    
    0.19225       0.17474       0.15747       0.14125       0.12638    
    0.11328       0.10204       0.92503E-01   0.84332E-01   0.77138E-01
    0.70521E-01   0.64175E-01   0.57964E-01   0.51955E-01   0.46253E-01
    0.41027E-01   0.36417E-01   0.32495E-01   0.29254E-01   0.26588E-01
    0.24332E-01   0.22323E-01   0.20412E-01   0.18513E-01   0.16609E-01
    0.14734E-01   0.12962E-01   0.11374E-01   0.10027E-01   0.89459E-02
    0.81116E-02
