    0.61018E-01   0.61016E-01   0.61007E-01   0.60989E-01   0.60987E-01
    0.61038E-01   0.61101E-01   0.61147E-01   0.61166E-01   0.61159E-01
    0.61154E-01   0.61138E-01   0.61081E-01   0.60992E-01   0.60886E-01
    0.60652E-01   0.60589E-01   0.60407E-01   0.60238E-01   0.60058E-01
    0.59882E-01   0.59735E-01   0.59572E-01   0.59511E-01   0.59486E-01
    0.59533E-01   0.59658E-01   0.59867E-01   0.60227E-01   0.60673E-01
    0.61256E-01   0.61980E-01   0.62833E-01   0.63827E-01   0.64953E-01
    0.66192E-01   0.67512E-01   0.68958E-01   0.70419E-01   0.71878E-01
    0.73308E-01   0.74651E-01   0.75855E-01   0.76890E-01   0.77696E-01
    0.78217E-01   0.78455E-01   0.78348E-01   0.77861E-01   0.76985E-01
    0.75731E-01   0.74099E-01   0.72102E-01   0.69776E-01   0.67167E-01
    0.64288E-01   0.61232E-01   0.58045E-01   0.54790E-01   0.51543E-01
    0.48358E-01
