    0.72685E-01   0.72701E-01   0.72748E-01   0.72824E-01   0.72921E-01
    0.73032E-01   0.73148E-01   0.73257E-01   0.73349E-01   0.73409E-01
    0.73428E-01   0.73394E-01   0.73298E-01   0.73132E-01   0.72891E-01
    0.72574E-01   0.72183E-01   0.71722E-01   0.71202E-01   0.70636E-01
    0.70040E-01   0.69438E-01   0.68854E-01   0.68317E-01   0.67858E-01
    0.67512E-01   0.67312E-01   0.67295E-01   0.67492E-01   0.67936E-01
    0.68650E-01   0.69655E-01   0.70960E-01   0.72565E-01   0.74461E-01
    0.76622E-01   0.79013E-01   0.81583E-01   0.84270E-01   0.87003E-01
    0.89699E-01   0.92271E-01   0.94629E-01   0.96684E-01   0.98351E-01
    0.99552E-01   0.10022       0.10031       0.99783E-01   0.98625E-01
    0.96839E-01   0.94452E-01   0.91508E-01   0.88067E-01   0.84208E-01
    0.80020E-01   0.75604E-01   0.71063E-01   0.66504E-01   0.62032E-01
    0.57745E-01
