    0.82208       0.82203       0.82203       0.82245       0.82394    
    0.82732       0.83358       0.84381       0.85913       0.88068    
    0.90952       0.94660       0.99273        1.0485        1.1144    
     1.1906        1.2770        1.3733        1.4790        1.5931    
     1.7148        1.8426        1.9751        2.1107        2.2476    
     2.3840        2.5180        2.6478        2.7715        2.8875    
     2.9942        3.0901        3.1739        3.2446        3.3012    
     3.3432        3.3701        3.3818        3.3783        3.3601    
     3.3278        3.2822        3.2246        3.1562        3.0786    
     2.9934        2.9024        2.8074        2.7100        2.6120    
     2.5148        2.4198        2.3282        2.2410        2.1589    
     2.0824        2.0116        1.9468        1.8876        1.8338    
     1.7849    
