    0.82365       0.82406       0.82522       0.82703       0.82918    
    0.83137       0.83300       0.83366       0.83263       0.82898    
    0.82197       0.81059       0.79405       0.77161       0.74267    
    0.70726       0.66575       0.61921       0.56892       0.51706    
    0.46575       0.41705       0.37295       0.33454       0.30227    
    0.27592       0.25451       0.23662       0.22081       0.20564    
    0.19039       0.17464       0.15852       0.14255       0.12737    
    0.11356       0.10153       0.91404E-01   0.82984E-01   0.75918E-01
    0.69724E-01   0.63989E-01   0.58411E-01   0.52860E-01   0.47376E-01
    0.42104E-01   0.37242E-01   0.32970E-01   0.29379E-01   0.26460E-01
    0.24113E-01   0.22172E-01   0.20457E-01   0.18816E-01   0.17151E-01
    0.15437E-01   0.13711E-01   0.12050E-01   0.10544E-01   0.92602E-02
    0.82337E-02
