    0.74180       0.74187       0.74220       0.74310       0.74509    
    0.74882       0.75509       0.76477       0.77877       0.79800    
    0.82330       0.85543       0.89505       0.94266       0.99861    
     1.0630        1.1360        1.2172        1.3062        1.4026    
     1.5054        1.6138        1.7266        1.8426        1.9604    
     2.0787        2.1958        2.3104        2.4209        2.5258    
     2.6236        2.7131        2.7931        2.8623        2.9198    
     2.9649        2.9970        3.0156        3.0207        3.0124    
     2.9910        2.9573        2.9121        2.8566        2.7920    
     2.7199        2.6417        2.5593        2.4741        2.3878    
     2.3019        2.2177        2.1364        2.0589        1.9860    
     1.9182        1.8558        1.7988        1.7472        1.7005    
     1.6583    
