    0.56418       0.56463       0.56604       0.56856       0.57245    
    0.57805       0.58583       0.59569       0.60771       0.62354    
    0.64234       0.66438       0.69186       0.72607       0.76622    
    0.80695       0.85576       0.90761       0.96436        1.0168    
     1.0771        1.1852        1.2439        1.3203        1.4024    
     1.4864        1.5650        1.6496        1.7350        1.8167    
     1.9021        1.9750        2.0506        2.1114        2.1672    
     2.2176        2.2513        2.2806        2.2979        2.3067    
     2.3007        2.2876        2.2615        2.2288        2.1873    
     2.1410        2.0836        2.0226        1.9568        1.8956    
     1.8306        1.7667        1.7057        1.6487        1.5944    
     1.5427        1.4979        1.4575        1.4220        1.3893    
     1.3635    
