    0.67379E-01   0.67383E-01   0.67393E-01   0.67396E-01   0.67369E-01
    0.67380E-01   0.67482E-01   0.67565E-01   0.67602E-01   0.67597E-01
    0.67590E-01   0.67586E-01   0.67503E-01   0.67368E-01   0.67199E-01
    0.66723E-01   0.66707E-01   0.66384E-01   0.66071E-01   0.65720E-01
    0.65354E-01   0.65013E-01   0.64669E-01   0.64364E-01   0.64129E-01
    0.63990E-01   0.63946E-01   0.63999E-01   0.64281E-01   0.64671E-01
    0.65254E-01   0.66027E-01   0.67032E-01   0.68215E-01   0.69612E-01
    0.71189E-01   0.72938E-01   0.74808E-01   0.76750E-01   0.78727E-01
    0.80686E-01   0.82553E-01   0.84250E-01   0.85739E-01   0.86938E-01
    0.87781E-01   0.88251E-01   0.88281E-01   0.87834E-01   0.86901E-01
    0.85467E-01   0.83549E-01   0.81187E-01   0.78418E-01   0.75304E-01
    0.71867E-01   0.68228E-01   0.64449E-01   0.60618E-01   0.56806E-01
    0.53108E-01
