    0.77416       0.77418       0.77436       0.77504       0.77678    
    0.78032       0.78653       0.79638       0.81086       0.83096    
    0.85764       0.89172       0.93393       0.98481        1.0447    
     1.1139        1.1923        1.2795        1.3753        1.4788    
     1.5893        1.7055        1.8263        1.9502        2.0758    
     2.2014        2.3254        2.4461        2.5620        2.6714    
     2.7729        2.8650        2.9465        3.0164        3.0736    
     3.1175        3.1475        3.1634        3.1651        3.1529    
     3.1272        3.0888        3.0386        2.9780        2.9083    
     2.8310        2.7478        2.6603        2.5703        2.4793    
     2.3889        2.3004        2.2150        2.1337        2.0571    
     1.9857        1.9200        1.8598        1.8051        1.7555    
     1.7105    
