    0.66369E-01   0.66378E-01   0.66404E-01   0.66445E-01   0.66496E-01
    0.66554E-01   0.66612E-01   0.66663E-01   0.66701E-01   0.66718E-01
    0.66708E-01   0.66666E-01   0.66585E-01   0.66464E-01   0.66301E-01
    0.66096E-01   0.65852E-01   0.65574E-01   0.65268E-01   0.64945E-01
    0.64615E-01   0.64294E-01   0.63995E-01   0.63738E-01   0.63540E-01
    0.63423E-01   0.63406E-01   0.63511E-01   0.63758E-01   0.64164E-01
    0.64746E-01   0.65514E-01   0.66475E-01   0.67630E-01   0.68971E-01
    0.70485E-01   0.72147E-01   0.73925E-01   0.75780E-01   0.77663E-01
    0.79520E-01   0.81291E-01   0.82912E-01   0.84322E-01   0.85458E-01
    0.86263E-01   0.86686E-01   0.86686E-01   0.86234E-01   0.85311E-01
    0.83914E-01   0.82054E-01   0.79757E-01   0.77061E-01   0.74017E-01
    0.70688E-01   0.67145E-01   0.63463E-01   0.59723E-01   0.56005E-01
    0.52387E-01
