    0.73139       0.73196       0.73370       0.73640       0.73991    
    0.74401       0.74827       0.75216       0.75521       0.75654    
    0.75526       0.75041       0.74102       0.72609       0.70492    
    0.67702       0.64256       0.60208       0.55686       0.50859    
    0.45946       0.41173       0.36751       0.32841       0.29528    
    0.26809       0.24660       0.22908       0.21418       0.20042    
    0.18667       0.17231       0.15724       0.14189       0.12690    
    0.11296       0.10060       0.90133E-01   0.81494E-01   0.74400E-01
    0.68404E-01   0.63008E-01   0.57844E-01   0.52678E-01   0.47467E-01
    0.42322E-01   0.37442E-01   0.33043E-01   0.29265E-01   0.26175E-01
    0.23719E-01   0.21760E-01   0.20116E-01   0.18611E-01   0.17110E-01
    0.15547E-01   0.13922E-01   0.12300E-01   0.10765E-01   0.94054E-02
    0.82802E-02
