    0.32612       0.32730       0.33081       0.33663       0.34474    
    0.35508       0.36758       0.38220       0.39884       0.41743    
    0.43791       0.46018       0.48420       0.50992       0.53729    
    0.56632       0.59702       0.62944       0.66366       0.69976    
    0.73786       0.77808       0.82052       0.86524       0.91227    
    0.96152        1.0128        1.0659        1.1203        1.1753    
     1.2304        1.2846        1.3369        1.3863        1.4318    
     1.4722        1.5066        1.5341        1.5540        1.5659    
     1.5695        1.5649        1.5523        1.5324        1.5058    
     1.4738        1.4373        1.3977        1.3562        1.3142    
     1.2729        1.2333        1.1963        1.1627        1.1329    
     1.1071        1.0853        1.0673        1.0527        1.0408    
     1.0308    
