    0.70623E-01   0.70631E-01   0.70653E-01   0.70680E-01   0.70686E-01
    0.70684E-01   0.70802E-01   0.70921E-01   0.70981E-01   0.70978E-01
    0.70979E-01   0.71000E-01   0.70906E-01   0.70746E-01   0.70536E-01
    0.69812E-01   0.69919E-01   0.69500E-01   0.69085E-01   0.68615E-01
    0.68120E-01   0.67647E-01   0.67257E-01   0.66722E-01   0.66346E-01
    0.66097E-01   0.65960E-01   0.65929E-01   0.66199E-01   0.66598E-01
    0.67231E-01   0.68088E-01   0.69273E-01   0.70657E-01   0.72303E-01
    0.74186E-01   0.76272E-01   0.78523E-01   0.80866E-01   0.83247E-01
    0.85607E-01   0.87864E-01   0.89925E-01   0.91728E-01   0.93191E-01
    0.94236E-01   0.94834E-01   0.94923E-01   0.94451E-01   0.93416E-01
    0.91807E-01   0.89648E-01   0.86979E-01   0.83857E-01   0.80361E-01
    0.76504E-01   0.72444E-01   0.68246E-01   0.64008E-01   0.59842E-01
    0.55795E-01
