    0.52676       0.52728       0.52889       0.53172       0.53596    
    0.54189       0.54983       0.56028       0.57235       0.58752    
    0.60598       0.62757       0.65324       0.68304       0.71976    
    0.75582       0.80132       0.85035       0.90023       0.93296    
     1.0002        1.0796        1.1422        1.2211        1.2940    
     1.3706        1.4427        1.5219        1.6022        1.6798    
     1.7515        1.8334        1.9009        1.9653        2.0216    
     2.0731        2.1090        2.1389        2.1593        2.1711    
     2.1680        2.1573        2.1350        2.1068        2.0680    
     2.0226        1.9677        1.9118        1.8526        1.7928    
     1.7313        1.6709        1.6125        1.5578        1.5072    
     1.4595        1.4176        1.3807        1.3485        1.3198    
     1.2971    
