    0.64312       0.64348       0.64460       0.64669       0.65008    
    0.65516       0.66244       0.67233       0.68485       0.69426    
    0.71992       0.74597       0.77915       0.81880       0.86529    
    0.92328       0.98245        1.0501        1.1305        1.1879    
     1.2769        1.3666        1.4664        1.5721        1.6723    
     1.7599        1.8614        1.9639        2.0574        2.1576    
     2.2364        2.3239        2.4178        2.4906        2.5284    
     2.5579        2.6385        2.6403        2.6435        2.6455    
     2.6309        2.6069        2.5730        2.5239        2.4687    
     2.4149        2.3485        2.2765        2.1870        2.1374    
     2.0627        1.9882        1.9174        1.8516        1.7901    
     1.7307        1.6822        1.6450        1.5890        1.5479    
     1.5134    
