    0.71801E-01   0.71816E-01   0.71860E-01   0.71929E-01   0.72019E-01
    0.72121E-01   0.72227E-01   0.72326E-01   0.72408E-01   0.72462E-01
    0.72477E-01   0.72443E-01   0.72351E-01   0.72194E-01   0.71968E-01
    0.71672E-01   0.71307E-01   0.70879E-01   0.70396E-01   0.69872E-01
    0.69322E-01   0.68766E-01   0.68228E-01   0.67736E-01   0.67317E-01
    0.67004E-01   0.66829E-01   0.66824E-01   0.67020E-01   0.67447E-01
    0.68127E-01   0.69079E-01   0.70314E-01   0.71831E-01   0.73621E-01
    0.75661E-01   0.77918E-01   0.80345E-01   0.82885E-01   0.85468E-01
    0.88018E-01   0.90453E-01   0.92686E-01   0.94633E-01   0.96212E-01
    0.97349E-01   0.97981E-01   0.98058E-01   0.97546E-01   0.96429E-01
    0.94709E-01   0.92410E-01   0.89572E-01   0.86252E-01   0.82524E-01
    0.78472E-01   0.74192E-01   0.69784E-01   0.65350E-01   0.60991E-01
    0.56802E-01
