    0.75653       0.75658       0.75684       0.75763       0.75950    
    0.76314       0.76937       0.77912       0.79332       0.81294    
    0.83885       0.87186       0.91265       0.96175        1.0195    
     1.0861        1.1615        1.2454        1.3376        1.4372    
     1.5435        1.6554        1.7718        1.8915        2.0128    
     2.1344        2.2547        2.3721        2.4850        2.5920    
     2.6915        2.7822        2.8629        2.9324        2.9898    
     3.0344        3.0655        3.0829        3.0865        3.0764    
     3.0531        3.0172        2.9698        2.9119        2.8450    
     2.7706        2.6901        2.6054        2.5181        2.4297    
     2.3417        2.2556        2.1724        2.0931        2.0186    
     1.9492        1.8852        1.8268        1.7737        1.7257    
     1.6822    
