    0.62606       0.62675       0.62882       0.63221       0.63681    
    0.64248       0.64896       0.65584       0.66264       0.66860    
    0.67294       0.67462       0.67259       0.66574       0.65312    
    0.63395       0.60784       0.57510       0.53649       0.49348    
    0.44805       0.40241       0.35889       0.31954       0.28558    
    0.25770       0.23560       0.21829       0.20429       0.19204    
    0.18012       0.16761       0.15416       0.13993       0.12554    
    0.11172       0.99140E-01   0.88309E-01   0.79365E-01   0.72151E-01
    0.66279E-01   0.61231E-01   0.56554E-01   0.51904E-01   0.47129E-01
    0.42268E-01   0.37488E-01   0.33023E-01   0.29076E-01   0.25782E-01
    0.23156E-01   0.21117E-01   0.19501E-01   0.18118E-01   0.16802E-01
    0.15438E-01   0.13983E-01   0.12466E-01   0.10960E-01   0.95572E-02
    0.83419E-02
