    0.70964E-01   0.70977E-01   0.71016E-01   0.71078E-01   0.71158E-01
    0.71249E-01   0.71342E-01   0.71429E-01   0.71499E-01   0.71543E-01
    0.71549E-01   0.71510E-01   0.71417E-01   0.71264E-01   0.71047E-01
    0.70767E-01   0.70423E-01   0.70022E-01   0.69572E-01   0.69084E-01
    0.68575E-01   0.68062E-01   0.67568E-01   0.67117E-01   0.66737E-01
    0.66457E-01   0.66306E-01   0.66315E-01   0.66512E-01   0.66925E-01
    0.67576E-01   0.68481E-01   0.69651E-01   0.71085E-01   0.72775E-01
    0.74701E-01   0.76832E-01   0.79123E-01   0.81521E-01   0.83961E-01
    0.86372E-01   0.88675E-01   0.90789E-01   0.92634E-01   0.94131E-01
    0.95210E-01   0.95810E-01   0.95881E-01   0.95390E-01   0.94321E-01
    0.92674E-01   0.90470E-01   0.87744E-01   0.84552E-01   0.80961E-01
    0.77053E-01   0.72916E-01   0.68647E-01   0.64343E-01   0.60103E-01
    0.56017E-01
