    0.28980       0.29064       0.29309       0.29706       0.30240    
    0.30877       0.31918       0.32795       0.33814       0.35001    
    0.36280       0.37700       0.39324       0.41106       0.42947    
    0.44909       0.47092       0.49525       0.52223       0.55104    
    0.58342       0.61869       0.65508       0.69936       0.74665    
    0.79926       0.85390       0.91182       0.97322        1.0361    
     1.0995        1.1643        1.2287        1.2908        1.3482    
     1.4013        1.4467        1.4881        1.5170        1.5377    
     1.5487        1.5494        1.5400        1.5192        1.4912    
     1.4553        1.4129        1.3657        1.3142        1.2612    
     1.2081        1.1562        1.1070        1.0626        1.0224    
    0.98701       0.95834       0.93774       0.91976       0.90954    
    0.90332    
