    0.61569E-01   0.61575E-01   0.61593E-01   0.61621E-01   0.61657E-01
    0.61696E-01   0.61735E-01   0.61768E-01   0.61791E-01   0.61799E-01
    0.61788E-01   0.61753E-01   0.61693E-01   0.61606E-01   0.61491E-01
    0.61351E-01   0.61189E-01   0.61009E-01   0.60818E-01   0.60624E-01
    0.60436E-01   0.60265E-01   0.60124E-01   0.60025E-01   0.59983E-01
    0.60011E-01   0.60124E-01   0.60336E-01   0.60661E-01   0.61110E-01
    0.61692E-01   0.62415E-01   0.63281E-01   0.64289E-01   0.65431E-01
    0.66695E-01   0.68062E-01   0.69505E-01   0.70994E-01   0.72490E-01
    0.73950E-01   0.75329E-01   0.76575E-01   0.77641E-01   0.78477E-01
    0.79037E-01   0.79281E-01   0.79174E-01   0.78693E-01   0.77821E-01
    0.76554E-01   0.74900E-01   0.72876E-01   0.70514E-01   0.67852E-01
    0.64941E-01   0.61837E-01   0.58602E-01   0.55303E-01   0.52006E-01
    0.48778E-01
