    0.74205       0.74261       0.74427       0.74688       0.75024    
    0.75409       0.75810       0.76170       0.76432       0.76512    
    0.76322       0.75765       0.74747       0.73169       0.70963    
    0.68087       0.64557       0.60436       0.55854       0.50977    
    0.46037       0.41248       0.36823       0.32919       0.29617    
    0.26909       0.24759       0.23005       0.21504       0.20112    
    0.18719       0.17266       0.15745       0.14202       0.12698    
    0.11305       0.10073       0.90298E-01   0.81687E-01   0.74598E-01
    0.68585E-01   0.63150E-01   0.57936E-01   0.52722E-01   0.47474E-01
    0.42309E-01   0.37427E-01   0.33039E-01   0.29282E-01   0.26212E-01
    0.23771E-01   0.21817E-01   0.20166E-01   0.18647E-01   0.17126E-01
    0.15544E-01   0.13905E-01   0.12276E-01   0.10742E-01   0.93893E-02
    0.82748E-02
