    0.70749E-01   0.70757E-01   0.70780E-01   0.70808E-01   0.70815E-01
    0.70814E-01   0.70933E-01   0.71054E-01   0.71116E-01   0.71112E-01
    0.71114E-01   0.71137E-01   0.71044E-01   0.70882E-01   0.70671E-01
    0.69934E-01   0.70049E-01   0.69626E-01   0.69205E-01   0.68730E-01
    0.68229E-01   0.67750E-01   0.67361E-01   0.66814E-01   0.66431E-01
    0.66178E-01   0.66036E-01   0.66002E-01   0.66273E-01   0.66673E-01
    0.67309E-01   0.68172E-01   0.69367E-01   0.70779E-01   0.72420E-01
    0.74319E-01   0.76423E-01   0.78692E-01   0.81056E-01   0.83456E-01
    0.85835E-01   0.88111E-01   0.90190E-01   0.92007E-01   0.93482E-01
    0.94536E-01   0.95139E-01   0.95230E-01   0.94755E-01   0.93714E-01
    0.92096E-01   0.89924E-01   0.87240E-01   0.84100E-01   0.80585E-01
    0.76708E-01   0.72628E-01   0.68410E-01   0.64154E-01   0.59965E-01
    0.55908E-01
