    0.54126       0.54176       0.54329       0.54600       0.55010    
    0.55590       0.56376       0.57427       0.58600       0.60145    
    0.62012       0.64205       0.66814       0.69887       0.73772    
    0.77557       0.82347       0.87239       0.92484       0.97302    
     1.0311        1.1236        1.1841        1.2604        1.3358    
     1.4141        1.4894        1.5706        1.6528        1.7320    
     1.8369        1.8867        1.9572        2.0212        2.0770    
     2.1287        2.1632        2.1926        2.2122        2.2228    
     2.2194        2.2066        2.1833        2.1523        2.1125    
     2.0675        2.0108        1.9546        1.8929        1.8323    
     1.7694        1.7079        1.6481        1.5925        1.5407    
     1.4916        1.4485        1.4103        1.3768        1.3464    
     1.3226    
