    0.78571       0.78571       0.78583       0.78644       0.78811    
    0.79160       0.79781       0.80773       0.82239       0.84283    
    0.87000       0.90480       0.94794        1.0000        1.0614    
     1.1322        1.2125        1.3020        1.4001        1.5062    
     1.6193        1.7384        1.8620        1.9888        2.1171    
     2.2453        2.3717        2.4947        2.6125        2.7235    
     2.8262        2.9193        3.0014        3.0714        3.1285    
     3.1720        3.2013        3.2162        3.2166        3.2030    
     3.1757        3.1356        3.0836        3.0211        2.9495    
     2.8704        2.7853        2.6960        2.6042        2.5116    
     2.4196        2.3295        2.2426        2.1599        2.0819    
     2.0093        1.9424        1.8810        1.8252        1.7746    
     1.7287    
