    0.42812E-01   0.42817E-01   0.42832E-01   0.42856E-01   0.42885E-01
    0.42917E-01   0.42949E-01   0.42975E-01   0.42993E-01   0.42997E-01
    0.42983E-01   0.42949E-01   0.42892E-01   0.42810E-01   0.42702E-01
    0.42571E-01   0.42418E-01   0.42248E-01   0.42065E-01   0.41878E-01
    0.41694E-01   0.41524E-01   0.41379E-01   0.41272E-01   0.41218E-01
    0.41231E-01   0.41328E-01   0.41524E-01   0.41834E-01   0.42274E-01
    0.42856E-01   0.43590E-01   0.44484E-01   0.45539E-01   0.46752E-01
    0.48113E-01   0.49607E-01   0.51211E-01   0.52894E-01   0.54621E-01
    0.56348E-01   0.58029E-01   0.59615E-01   0.61053E-01   0.62294E-01
    0.63288E-01   0.63993E-01   0.64373E-01   0.64399E-01   0.64053E-01
    0.63328E-01   0.62229E-01   0.60773E-01   0.58986E-01   0.56906E-01
    0.54581E-01   0.52066E-01   0.49421E-01   0.46709E-01   0.43994E-01
    0.41339E-01
