    0.42651E-01   0.42656E-01   0.42670E-01   0.42692E-01   0.42720E-01
    0.42751E-01   0.42780E-01   0.42805E-01   0.42820E-01   0.42823E-01
    0.42808E-01   0.42773E-01   0.42716E-01   0.42635E-01   0.42531E-01
    0.42403E-01   0.42254E-01   0.42089E-01   0.41914E-01   0.41734E-01
    0.41559E-01   0.41398E-01   0.41262E-01   0.41165E-01   0.41120E-01
    0.41142E-01   0.41245E-01   0.41445E-01   0.41757E-01   0.42195E-01
    0.42772E-01   0.43497E-01   0.44376E-01   0.45412E-01   0.46602E-01
    0.47935E-01   0.49396E-01   0.50964E-01   0.52608E-01   0.54293E-01
    0.55979E-01   0.57619E-01   0.59164E-01   0.60565E-01   0.61772E-01
    0.62739E-01   0.63422E-01   0.63786E-01   0.63804E-01   0.63458E-01
    0.62740E-01   0.61656E-01   0.60220E-01   0.58460E-01   0.56412E-01
    0.54122E-01   0.51645E-01   0.49038E-01   0.46364E-01   0.43686E-01
    0.41066E-01
