    0.63573E-01   0.63580E-01   0.63601E-01   0.63634E-01   0.63676E-01
    0.63722E-01   0.63767E-01   0.63807E-01   0.63835E-01   0.63847E-01
    0.63836E-01   0.63798E-01   0.63730E-01   0.63629E-01   0.63496E-01
    0.63331E-01   0.63138E-01   0.62920E-01   0.62685E-01   0.62442E-01
    0.62200E-01   0.61971E-01   0.61769E-01   0.61608E-01   0.61505E-01
    0.61475E-01   0.61536E-01   0.61703E-01   0.61994E-01   0.62422E-01
    0.62998E-01   0.63733E-01   0.64629E-01   0.65687E-01   0.66899E-01
    0.68252E-01   0.69726E-01   0.71292E-01   0.72916E-01   0.74557E-01
    0.76166E-01   0.77693E-01   0.79083E-01   0.80281E-01   0.81234E-01
    0.81891E-01   0.82207E-01   0.82146E-01   0.81681E-01   0.80794E-01
    0.79483E-01   0.77754E-01   0.75629E-01   0.73142E-01   0.70336E-01
    0.67265E-01   0.63992E-01   0.60584E-01   0.57113E-01   0.53651E-01
    0.50269E-01
