    0.62083E-01   0.62090E-01   0.62109E-01   0.62138E-01   0.62175E-01
    0.62216E-01   0.62256E-01   0.62291E-01   0.62315E-01   0.62324E-01
    0.62313E-01   0.62277E-01   0.62215E-01   0.62125E-01   0.62006E-01
    0.61860E-01   0.61689E-01   0.61500E-01   0.61298E-01   0.61092E-01
    0.60891E-01   0.60706E-01   0.60549E-01   0.60435E-01   0.60377E-01
    0.60391E-01   0.60490E-01   0.60691E-01   0.61007E-01   0.61450E-01
    0.62030E-01   0.62755E-01   0.63628E-01   0.64647E-01   0.65805E-01
    0.67091E-01   0.68483E-01   0.69956E-01   0.71477E-01   0.73008E-01
    0.74505E-01   0.75919E-01   0.77202E-01   0.78300E-01   0.79165E-01
    0.79749E-01   0.80011E-01   0.79916E-01   0.79439E-01   0.78564E-01
    0.77287E-01   0.75615E-01   0.73567E-01   0.71174E-01   0.68477E-01
    0.65526E-01   0.62381E-01   0.59103E-01   0.55761E-01   0.52424E-01
    0.49157E-01
