    0.63368       0.63404       0.63519       0.63732       0.64073    
    0.64582       0.65304       0.66285       0.67542       0.68611    
    0.71093       0.73562       0.76788       0.80610       0.85187    
    0.90855       0.96606        1.0321        1.1158        1.1653    
     1.2519        1.3396        1.4355        1.5382        1.6335    
     1.7222        1.8212        1.9477        2.0137        2.1057    
     2.1907        2.2765        2.3723        2.4420        2.4814    
     2.5157        2.5071        2.5945        2.5986        2.6012    
     2.5887        2.5655        2.5328        2.4855        2.4316    
     2.3793        2.3140        2.2436        2.1699        2.1053    
     2.0337        1.9604        1.8906        1.8259        1.7655    
     1.7074        1.6600        1.6141        1.5686        1.5287    
     1.4952    
