    0.88317       0.88345       0.88422       0.88527       0.88632    
    0.88697       0.88664       0.88478       0.88061       0.87336    
    0.86220       0.84629       0.82474       0.79714       0.76314    
    0.72290       0.67710       0.62694       0.57377       0.52016    
    0.46790       0.41909       0.37533       0.33757       0.30598    
    0.28004       0.25871       0.24048       0.22405       0.20796    
    0.19180       0.17531       0.15865       0.14246       0.12730    
    0.11369       0.10192       0.92007E-01   0.83703E-01   0.76611E-01
    0.70270E-01   0.64307E-01   0.58489E-01   0.52729E-01   0.47120E-01
    0.41826E-01   0.37024E-01   0.32865E-01   0.29400E-01   0.26581E-01
    0.24283E-01   0.22331E-01   0.20552E-01   0.18815E-01   0.17051E-01
    0.15260E-01   0.13495E-01   0.11840E-01   0.10375E-01   0.91572E-02
    0.81995E-02
