    0.70903       0.70951       0.71121       0.71518       0.69549    
    0.70426       0.71702       0.72874       0.74291       0.75615    
    0.78895       0.81839       0.85707       0.90239       0.96013    
     1.0263        1.0964        1.1780        1.2658        1.3462    
     1.4512        1.5545        1.6776        1.8007        1.9149    
     2.0239        2.1369        2.2665        2.3562        2.4591    
     2.5572        2.6474        2.7356        2.8063        2.8364    
     2.9255        2.9514        2.9590        2.9469        2.9444    
     2.9220        2.8876        2.8450        2.7828        2.7157    
     2.6507        2.5778        2.4970        2.4172        2.3348    
     2.2513        2.1739        2.0943        2.0225        1.9518    
     1.8859        1.8294        1.7758        1.7244        1.6759    
     1.6349    
