    0.44605       0.44676       0.44890       0.45252       0.45770    
    0.46453       0.47313       0.48365       0.49623       0.51103    
    0.52821       0.54793       0.57034       0.59558       0.62378    
    0.65507       0.68955       0.72734       0.76850       0.81311    
    0.86122       0.91283       0.96790        1.0263        1.0879    
     1.1524        1.2193        1.2882        1.3583        1.4289    
     1.4988        1.5672        1.6327        1.6943        1.7505    
     1.8003        1.8426        1.8763        1.9008        1.9154    
     1.9199        1.9142        1.8987        1.8740        1.8408    
     1.8002        1.7536        1.7022        1.6477        1.5914    
     1.5349        1.4795        1.4265        1.3769        1.3316    
     1.2910        1.2556        1.2253        1.2001        1.1794    
     1.1628    
