    0.63844E-01   0.63845E-01   0.63843E-01   0.63825E-01   0.63793E-01
    0.63834E-01   0.63916E-01   0.63975E-01   0.64000E-01   0.63995E-01
    0.63988E-01   0.63975E-01   0.63908E-01   0.63800E-01   0.63669E-01
    0.63352E-01   0.63294E-01   0.63056E-01   0.62830E-01   0.62583E-01
    0.62331E-01   0.62106E-01   0.61860E-01   0.61710E-01   0.61599E-01
    0.61569E-01   0.61622E-01   0.61764E-01   0.62084E-01   0.62499E-01
    0.63072E-01   0.63807E-01   0.64706E-01   0.65764E-01   0.66984E-01
    0.68345E-01   0.69810E-01   0.71427E-01   0.73067E-01   0.74725E-01
    0.76359E-01   0.77906E-01   0.79303E-01   0.80519E-01   0.81483E-01
    0.82138E-01   0.82473E-01   0.82425E-01   0.81965E-01   0.81070E-01
    0.79753E-01   0.78021E-01   0.75887E-01   0.73391E-01   0.70586E-01
    0.67488E-01   0.64201E-01   0.60777E-01   0.57285E-01   0.53813E-01
    0.50416E-01
