    0.61108E-01   0.61114E-01   0.61132E-01   0.61159E-01   0.61194E-01
    0.61232E-01   0.61269E-01   0.61301E-01   0.61323E-01   0.61331E-01
    0.61319E-01   0.61285E-01   0.61227E-01   0.61142E-01   0.61032E-01
    0.60897E-01   0.60741E-01   0.60569E-01   0.60387E-01   0.60203E-01
    0.60026E-01   0.59868E-01   0.59740E-01   0.59654E-01   0.59624E-01
    0.59665E-01   0.59789E-01   0.60011E-01   0.60344E-01   0.60798E-01
    0.61382E-01   0.62104E-01   0.62965E-01   0.63964E-01   0.65094E-01
    0.66341E-01   0.67687E-01   0.69107E-01   0.70569E-01   0.72036E-01
    0.73467E-01   0.74816E-01   0.76034E-01   0.77073E-01   0.77884E-01
    0.78425E-01   0.78653E-01   0.78537E-01   0.78052E-01   0.77183E-01
    0.75925E-01   0.74285E-01   0.72282E-01   0.69945E-01   0.67313E-01
    0.64434E-01   0.61365E-01   0.58167E-01   0.54903E-01   0.51642E-01
    0.48446E-01
