    0.55397       0.55446       0.55597       0.55864       0.56267    
    0.56834       0.57596       0.58589       0.59851       0.61418    
    0.63327       0.65608       0.68290       0.71397       0.74948    
    0.78954       0.83425       0.88361       0.93759       0.99609    
     1.0589        1.1259        1.1966        1.2707        1.3476    
     1.4268        1.5076        1.5892        1.6707        1.7511    
     1.8293        1.9041        1.9745        2.0391        2.0969    
     2.1468        2.1877        2.2188        2.2396        2.2496    
     2.2486        2.2369        2.2148        2.1830        2.1426    
     2.0946        2.0403        1.9813        1.9190        1.8550    
     1.7907        1.7275        1.6666        1.6089        1.5554    
     1.5065        1.4626        1.4238        1.3899        1.3606    
     1.3352    
