    0.60215E-01   0.60220E-01   0.60237E-01   0.60262E-01   0.60294E-01
    0.60330E-01   0.60364E-01   0.60394E-01   0.60414E-01   0.60420E-01
    0.60408E-01   0.60376E-01   0.60320E-01   0.60241E-01   0.60137E-01
    0.60012E-01   0.59869E-01   0.59711E-01   0.59547E-01   0.59383E-01
    0.59228E-01   0.59093E-01   0.58990E-01   0.58929E-01   0.58925E-01
    0.58990E-01   0.59137E-01   0.59378E-01   0.59726E-01   0.60191E-01
    0.60780E-01   0.61500E-01   0.62352E-01   0.63334E-01   0.64438E-01
    0.65653E-01   0.66958E-01   0.68331E-01   0.69741E-01   0.71152E-01
    0.72524E-01   0.73813E-01   0.74974E-01   0.75959E-01   0.76723E-01
    0.77223E-01   0.77421E-01   0.77285E-01   0.76791E-01   0.75925E-01
    0.74683E-01   0.73072E-01   0.71108E-01   0.68820E-01   0.66245E-01
    0.63431E-01   0.60431E-01   0.57303E-01   0.54111E-01   0.50918E-01
    0.47788E-01
