    0.80524       0.80530       0.80559       0.80646       0.80849    
    0.81240       0.81909       0.82943       0.84381       0.86872    
    0.89594       0.93142       0.97733        1.0323        1.1216    
     1.1919        1.2815        1.3784        1.4870        1.5976    
     1.7270        1.8566        2.0086        2.1620        2.3044    
     2.4357        2.5692        2.7378        2.8236        2.9511    
     3.0555        3.1531        3.2622        3.3298        3.3904    
     3.4216        3.4431        3.4549        3.4165        3.4041    
     3.3698        3.3169        3.2524        3.1753        3.0949    
     3.0081        2.9149        2.8249        2.7316        2.6296    
     2.5379        2.4426        2.3511        2.2667        2.1852    
     2.1088        2.0407        1.9785        1.9164        1.8563    
     1.8049    
