    0.83125       0.83165       0.83278       0.83453       0.83654    
    0.83854       0.83994       0.84029       0.83889       0.83480    
    0.82726       0.81530       0.79813       0.77506       0.74547    
    0.70944       0.66737       0.62035       0.56968       0.51756    
    0.46611       0.41740       0.37331       0.33497       0.30280    
    0.27650       0.25510       0.23716       0.22126       0.20599    
    0.19061       0.17476       0.15856       0.14256       0.12737    
    0.11359       0.10159       0.91492E-01   0.83088E-01   0.76021E-01
    0.69808E-01   0.64045E-01   0.58434E-01   0.52854E-01   0.47353E-01
    0.42075E-01   0.37218E-01   0.32960E-01   0.29384E-01   0.26479E-01
    0.24139E-01   0.22198E-01   0.20476E-01   0.18822E-01   0.17144E-01
    0.15419E-01   0.13686E-01   0.12026E-01   0.10523E-01   0.92475E-02
    0.82296E-02
