    0.59397E-01   0.59395E-01   0.59389E-01   0.59385E-01   0.59405E-01
    0.59454E-01   0.59507E-01   0.59546E-01   0.59561E-01   0.59555E-01
    0.59549E-01   0.59531E-01   0.59479E-01   0.59400E-01   0.59305E-01
    0.59107E-01   0.59046E-01   0.58890E-01   0.58749E-01   0.58603E-01
    0.58463E-01   0.58355E-01   0.58238E-01   0.58219E-01   0.58236E-01
    0.58324E-01   0.58487E-01   0.58732E-01   0.59115E-01   0.59581E-01
    0.60173E-01   0.60896E-01   0.61735E-01   0.62702E-01   0.63787E-01
    0.64973E-01   0.66236E-01   0.67593E-01   0.68970E-01   0.70335E-01
    0.71667E-01   0.72912E-01   0.74021E-01   0.74967E-01   0.75692E-01
    0.76147E-01   0.76334E-01   0.76196E-01   0.75691E-01   0.74821E-01
    0.73596E-01   0.72009E-01   0.70078E-01   0.67835E-01   0.65322E-01
    0.62553E-01   0.59612E-01   0.56546E-01   0.53413E-01   0.50282E-01
    0.47209E-01
