    0.89611       0.89636       0.89703       0.89791       0.89869    
    0.89898       0.89817       0.89577       0.89085       0.88275    
    0.87063       0.85367       0.83100       0.80222       0.76716    
    0.72588       0.67916       0.62825       0.57460       0.52058    
    0.46817       0.41940       0.37573       0.33812       0.30669    
    0.28082       0.25952       0.24121       0.22450       0.20835    
    0.19200       0.17535       0.15860       0.14239       0.12724    
    0.11369       0.10197       0.92110E-01   0.83829E-01   0.76728E-01
    0.70350E-01   0.64340E-01   0.58470E-01   0.52672E-01   0.47042E-01
    0.41750E-01   0.36965E-01   0.32833E-01   0.29396E-01   0.26598E-01
    0.24308E-01   0.22351E-01   0.20556E-01   0.18799E-01   0.17015E-01
    0.15210E-01   0.13440E-01   0.11789E-01   0.10336E-01   0.91332E-02
    0.81910E-02
