    0.45669       0.45738       0.45948       0.46303       0.46811    
    0.47485       0.48339       0.49387       0.50647       0.52137    
    0.53874       0.55876       0.58160       0.60740       0.63630    
    0.66843       0.70388       0.74276       0.78514       0.83105    
    0.88052       0.93354       0.99003        1.0499        1.1128    
     1.1786        1.2467        1.3167        1.3878        1.4591    
     1.5297        1.5985        1.6644        1.7261        1.7824    
     1.8321        1.8741        1.9076        1.9316        1.9458    
     1.9498        1.9436        1.9276        1.9024        1.8687    
     1.8276        1.7805        1.7286        1.6735        1.6167    
     1.5597        1.5037        1.4501        1.3999        1.3538    
     1.3125        1.2763        1.2453        1.2192        1.1977    
     1.1802    
