    0.62000E-01   0.61998E-01   0.61990E-01   0.61970E-01   0.61962E-01
    0.62014E-01   0.62082E-01   0.62132E-01   0.62153E-01   0.62147E-01
    0.62142E-01   0.62126E-01   0.62066E-01   0.61970E-01   0.61856E-01
    0.61596E-01   0.61534E-01   0.61333E-01   0.61145E-01   0.60943E-01
    0.60741E-01   0.60569E-01   0.60378E-01   0.60287E-01   0.60233E-01
    0.60254E-01   0.60355E-01   0.60540E-01   0.60886E-01   0.61321E-01
    0.61899E-01   0.62625E-01   0.63492E-01   0.64505E-01   0.65660E-01
    0.66938E-01   0.68297E-01   0.69805E-01   0.71324E-01   0.72848E-01
    0.74345E-01   0.75755E-01   0.77022E-01   0.78117E-01   0.78976E-01
    0.79542E-01   0.79814E-01   0.79726E-01   0.79250E-01   0.78367E-01
    0.77093E-01   0.75431E-01   0.73390E-01   0.71008E-01   0.68335E-01
    0.65384E-01   0.62251E-01   0.58985E-01   0.55651E-01   0.52328E-01
    0.49072E-01
