    0.42089E-01   0.42093E-01   0.42105E-01   0.42124E-01   0.42147E-01
    0.42172E-01   0.42196E-01   0.42214E-01   0.42224E-01   0.42222E-01
    0.42204E-01   0.42168E-01   0.42112E-01   0.42035E-01   0.41937E-01
    0.41819E-01   0.41685E-01   0.41537E-01   0.41383E-01   0.41227E-01
    0.41079E-01   0.40947E-01   0.40842E-01   0.40775E-01   0.40759E-01
    0.40806E-01   0.40931E-01   0.41147E-01   0.41467E-01   0.41903E-01
    0.42466E-01   0.43165E-01   0.44005E-01   0.44987E-01   0.46107E-01
    0.47357E-01   0.48722E-01   0.50182E-01   0.51709E-01   0.53270E-01
    0.54828E-01   0.56341E-01   0.57763E-01   0.59049E-01   0.60153E-01
    0.61031E-01   0.61644E-01   0.61958E-01   0.61949E-01   0.61598E-01
    0.60899E-01   0.59855E-01   0.58481E-01   0.56800E-01   0.54847E-01
    0.52664E-01   0.50301E-01   0.47813E-01   0.45257E-01   0.42694E-01
    0.40181E-01
