    0.63481       0.63550       0.63755       0.64089       0.64543    
    0.65098       0.65731       0.66395       0.67047       0.67610    
    0.68002       0.68125       0.67860       0.67113       0.65779    
    0.63783       0.61104       0.57759       0.53842       0.49492    
    0.44912       0.40329       0.35968       0.32029       0.28643    
    0.25867       0.23662       0.21930       0.20525       0.19284    
    0.18076       0.16809       0.15449       0.14017       0.12569    
    0.11183       0.99267E-01   0.88460E-01   0.79555E-01   0.72351E-01
    0.66466E-01   0.61398E-01   0.56684E-01   0.51988E-01   0.47175E-01
    0.42288E-01   0.37493E-01   0.33028E-01   0.29093E-01   0.25814E-01
    0.23204E-01   0.21173E-01   0.19556E-01   0.18166E-01   0.16835E-01
    0.15454E-01   0.13984E-01   0.12456E-01   0.10944E-01   0.95434E-02
    0.83338E-02
