    0.94555       0.94565       0.94589       0.94603       0.94570    
    0.94446       0.94167       0.93679       0.92901       0.91754    
    0.90163       0.88051       0.85350       0.82031       0.78096    
    0.73575       0.68558       0.63193       0.57638       0.52122    
    0.46843       0.41982       0.37678       0.33983       0.30899    
    0.28349       0.26218       0.24359       0.22629       0.20942    
    0.19240       0.17525       0.15818       0.14190       0.12689    
    0.11356       0.10209       0.92405E-01   0.84191E-01   0.77046E-01
    0.70565E-01   0.64336E-01   0.58278E-01   0.52353E-01   0.46668E-01
    0.41398E-01   0.36700E-01   0.32677E-01   0.29349E-01   0.26624E-01
    0.24361E-01   0.22376E-01   0.20520E-01   0.18684E-01   0.16830E-01
    0.14979E-01   0.13200E-01   0.11576E-01   0.10175E-01   0.90365E-02
    0.81532E-02
