    0.91077       0.91098       0.91153       0.91220       0.91268    
    0.91254       0.91116       0.90818       0.90233       0.89320    
    0.88002       0.86200       0.83792       0.80784       0.77151    
    0.72907       0.68131       0.62956       0.57532       0.52092    
    0.46837       0.41960       0.37612       0.33870       0.30743    
    0.28167       0.26038       0.24199       0.22511       0.20874    
    0.19218       0.17538       0.15852       0.14228       0.12716    
    0.11367       0.10202       0.92216E-01   0.83958E-01   0.76844E-01
    0.70420E-01   0.64360E-01   0.58430E-01   0.52595E-01   0.46944E-01
    0.41657E-01   0.36893E-01   0.32793E-01   0.29388E-01   0.26612E-01
    0.24331E-01   0.22367E-01   0.20555E-01   0.18775E-01   0.16967E-01
    0.15148E-01   0.13374E-01   0.11729E-01   0.10290E-01   0.91056E-02
    0.81807E-02
