    0.84540       0.84578       0.84685       0.84843       0.85019    
    0.85183       0.85278       0.85256       0.85043       0.84549    
    0.83700       0.82393       0.80562       0.78133       0.75055    
    0.71336       0.67026       0.62233       0.57099       0.51839    
    0.46672       0.41797       0.37394       0.33574       0.30373    
    0.27753       0.25616       0.23816       0.22208       0.20658    
    0.19099       0.17496       0.15861       0.14257       0.12738    
    0.11363       0.10170       0.91649E-01   0.83273E-01   0.76202E-01
    0.69952E-01   0.64137E-01   0.58468E-01   0.52836E-01   0.47301E-01
    0.42016E-01   0.37171E-01   0.32938E-01   0.29393E-01   0.26512E-01
    0.24185E-01   0.22242E-01   0.20505E-01   0.18829E-01   0.17126E-01
    0.15382E-01   0.13639E-01   0.11978E-01   0.10484E-01   0.92235E-02
    0.82219E-02
