    0.55436E-01   0.55440E-01   0.55451E-01   0.55467E-01   0.55488E-01
    0.55510E-01   0.55531E-01   0.55548E-01   0.55556E-01   0.55555E-01
    0.55540E-01   0.55511E-01   0.55467E-01   0.55407E-01   0.55334E-01
    0.55250E-01   0.55159E-01   0.55067E-01   0.54978E-01   0.54901E-01
    0.54844E-01   0.54815E-01   0.54824E-01   0.54880E-01   0.54993E-01
    0.55172E-01   0.55427E-01   0.55765E-01   0.56194E-01   0.56720E-01
    0.57347E-01   0.58076E-01   0.58905E-01   0.59830E-01   0.60843E-01
    0.61930E-01   0.63076E-01   0.64257E-01   0.65450E-01   0.66623E-01
    0.67745E-01   0.68780E-01   0.69690E-01   0.70438E-01   0.70988E-01
    0.71306E-01   0.71361E-01   0.71129E-01   0.70590E-01   0.69735E-01
    0.68558E-01   0.67067E-01   0.65275E-01   0.63206E-01   0.60892E-01
    0.58370E-01   0.55685E-01   0.52886E-01   0.50027E-01   0.47161E-01
    0.44341E-01
