    0.65644       0.65669       0.65752       0.65916       0.66198    
    0.66646       0.67318       0.68275       0.69584       0.71310    
    0.73513       0.76250       0.79568       0.83504       0.88085    
    0.93325       0.99226        1.0578        1.1296        1.2074    
     1.2906        1.3787        1.4708        1.5663        1.6642    
     1.7633        1.8628        1.9613        2.0576        2.1506    
     2.2390        2.3215        2.3970        2.4643        2.5222    
     2.5700        2.6068        2.6321        2.6453        2.6466    
     2.6358        2.6136        2.5804        2.5372        2.4852    
     2.4256        2.3599        2.2896        2.2163        2.1414    
     2.0665        1.9929        1.9218        1.8541        1.7907    
     1.7320        1.6784        1.6299        1.5865        1.5478    
     1.5132    
