    0.43518E-01   0.43525E-01   0.43543E-01   0.43572E-01   0.43609E-01
    0.43651E-01   0.43692E-01   0.43728E-01   0.43755E-01   0.43766E-01
    0.43758E-01   0.43726E-01   0.43667E-01   0.43579E-01   0.43461E-01
    0.43313E-01   0.43137E-01   0.42939E-01   0.42723E-01   0.42497E-01
    0.42270E-01   0.42055E-01   0.41864E-01   0.41712E-01   0.41615E-01
    0.41592E-01   0.41660E-01   0.41838E-01   0.42145E-01   0.42598E-01
    0.43212E-01   0.44000E-01   0.44970E-01   0.46126E-01   0.47462E-01
    0.48970E-01   0.50631E-01   0.52419E-01   0.54301E-01   0.56234E-01
    0.58170E-01   0.60058E-01   0.61841E-01   0.63461E-01   0.64862E-01
    0.65990E-01   0.66798E-01   0.67246E-01   0.67303E-01   0.66950E-01
    0.66182E-01   0.65004E-01   0.63437E-01   0.61511E-01   0.59270E-01
    0.56767E-01   0.54064E-01   0.51227E-01   0.48325E-01   0.45429E-01
    0.42607E-01
