    0.73910       0.73918       0.73952       0.74044       0.74244    
    0.74619       0.75246       0.76212       0.77608       0.79523    
    0.82040       0.85237       0.89176       0.93909       0.99469    
     1.0587        1.1312        1.2119        1.3003        1.3961    
     1.4982        1.6059        1.7181        1.8334        1.9506    
     2.0682        2.1848        2.2989        2.4089        2.5134    
     2.6109        2.7002        2.7800        2.8492        2.9067    
     2.9519        2.9842        3.0030        3.0084        3.0004    
     2.9794        2.9461        2.9013        2.8462        2.7820    
     2.7103        2.6326        2.5506        2.4658        2.3799    
     2.2944        2.2105        2.1295        2.0524        1.9798    
     1.9123        1.8501        1.7934        1.7420        1.6956    
     1.6537    
