    0.41912       0.41990       0.42223       0.42612       0.43158    
    0.43864       0.44740       0.45828       0.47108       0.48550    
    0.50189       0.52013       0.54129       0.56539       0.59133    
    0.62116       0.65302       0.68789       0.72409       0.76247    
    0.80572       0.85626       0.91189       0.96865        1.0253    
     1.0859        1.1513        1.2175        1.2869        1.3562    
     1.4245        1.4915        1.5558        1.6203        1.6745    
     1.7244        1.7688        1.8027        1.8291        1.8433    
     1.8490        1.8429        1.8279        1.8061        1.7737    
     1.7330        1.6864        1.6354        1.5824        1.5274    
     1.4723        1.4183        1.3665        1.3195        1.2758    
     1.2362        1.2026        1.1746        1.1522        1.1321    
     1.1181    
