    0.33764       0.33883       0.34239       0.34832       0.35658    
    0.36715       0.37997       0.39501       0.41221       0.43151    
    0.45284       0.47615       0.50137       0.52845       0.55736    
    0.58807       0.62059       0.65493       0.69115       0.72931    
    0.76948       0.81177       0.85622       0.90289       0.95175    
     1.0027        1.0556        1.1100        1.1656        1.2217    
     1.2776        1.3324        1.3852        1.4350        1.4806    
     1.5211        1.5555        1.5830        1.6028        1.6146    
     1.6181        1.6133        1.6005        1.5803        1.5536    
     1.5212        1.4844        1.4443        1.4023        1.3596    
     1.3174        1.2769        1.2388        1.2039        1.1727    
     1.1454        1.1221        1.1024        1.0860        1.0723    
     1.0605    
