    0.58104       0.58177       0.58393       0.58751       0.59245    
    0.59863       0.60583       0.61371       0.62182       0.62948    
    0.63585       0.64005       0.64090       0.63727       0.62821    
    0.61268       0.59027       0.56102       0.52557       0.48514    
    0.44169       0.39729       0.35438       0.31509       0.28095    
    0.25271       0.23037       0.21305       0.19937       0.18770    
    0.17657       0.16493       0.15227       0.13867       0.12467    
    0.11100       0.98389E-01   0.87426E-01   0.78338E-01   0.71040E-01
    0.65187E-01   0.60259E-01   0.55796E-01   0.51387E-01   0.46837E-01
    0.42142E-01   0.37452E-01   0.32992E-01   0.28991E-01   0.25610E-01
    0.22901E-01   0.20806E-01   0.19179E-01   0.17834E-01   0.16590E-01
    0.15315E-01   0.13946E-01   0.12493E-01   0.11018E-01   0.96145E-02
    0.83710E-02
