    0.68914       0.68932       0.68995       0.69129       0.69376    
    0.69792       0.70442       0.71399       0.72737       0.74532    
    0.76854       0.79766       0.83323       0.87566       0.92525    
    0.98216        1.0464        1.1178        1.1961        1.2809    
     1.3714        1.4671        1.5671        1.6703        1.7757    
     1.8820        1.9881        2.0927        2.1944        2.2919    
     2.3839        2.4691        2.5463        2.6143        2.6722    
     2.7191        2.7542        2.7770        2.7873        2.7850    
     2.7704        2.7440        2.7064        2.6588        2.6022    
     2.5380        2.4678        2.3930        2.3153        2.2363    
     2.1574        2.0799        2.0049        1.9336        1.8666    
     1.8045        1.7476        1.6958        1.6492        1.6074    
     1.5699    
