    0.49981       0.50038       0.50214       0.50518       0.50969    
    0.51588       0.52403       0.53447       0.54714       0.56185    
    0.57995       0.60062       0.62566       0.65400       0.68594    
    0.72333       0.76268       0.80852       0.85313       0.89940    
    0.94772        1.0257        1.0956        1.1535        1.2210    
     1.2901        1.3639        1.4396        1.5164        1.5917    
     1.6651        1.7436        1.8089        1.8705        1.9255    
     1.9747        2.0170        2.0476        2.0697        2.0826    
     2.0829        2.0734        2.0544        2.0279        1.9909    
     1.9463        1.8945        1.8391        1.7824        1.7236    
     1.6640        1.6055        1.5489        1.4966        1.4476    
     1.4022        1.3625        1.3278        1.2977        1.2723    
     1.2514    
