    0.69111       0.69150       0.69278       0.69532       0.69991    
    0.70801       0.71662       0.71281       0.72440       0.73643    
    0.77087       0.79832       0.83440       0.87930       0.93378    
    0.99718        1.0642        1.1416        1.2265        1.3011    
     1.4015        1.5008        1.6184        1.7373        1.8365    
     1.9506        2.0570        2.1820        2.2716        2.3716    
     2.4666        2.5559        2.6473        2.7183        2.7499    
     2.8312        2.8637        2.8686        2.8606        2.8604    
     2.8404        2.8090        2.7681        2.7105        2.6474    
     2.5857        2.5145        2.4356        2.3594        2.2797    
     2.1998        2.1234        2.0457        1.9757        1.9079    
     1.8443        1.7889        1.7366        1.6874        1.6411    
     1.6018    
