 "Unnamed: 0" PEAK_POSITION PEAK_ENERGY CROSS_SECTION ERROR
0 0 1717.1 1222.0 0.05843679154050117 0.008125111510631632
1 1 1692.0 1237.0 0.01604147218758856 0.005740169542819226
2 2 1663.9 1257.0 0.0303642152122212 0.006338003659116052
3 3 1630.5 1279.0 0.43827593655375874 0.02075806168921284
4 4 1597.0 1300.266013694174 0.018906020792515087 0.0068877335972425124
5 5 1532.6 1343.0 0.1294775969426791 0.012928047227389241
6 6 1514.1 1355.0 0.41650536715631725 0.0205356656428181
7 7 1439.0 1407.2907393319942 0.022916388839412227 0.006893739578663186
8 8 1411.0 1426.6996323524081 0.03151003465419181 0.008051223135532278
9 9 1394.4 1438.2692362280475 0.03723913186404487 0.008633371860889192
10 10 1341.1 1476.0 0.5803575473581147 0.039407750204115306
11 11 1329.0 1484.3063258190875 0.036666222143059576 0.030375138377641702
12 12 1106.0 1646.7471719238818 0.033228763817147726 0.007484317941818848
13 13 1074.0 1670.7503650740264 0.12374849973282603 0.01797170121317261
14 14 1060.0 1681.3064780812106 0.09624883312553134 0.05217861115197506
15 15 1051.0 1688.1101380156852 0.10827993726622276 0.057341446930230286
16 16 979.0 1743.0349201860474 0.04010368046897139 0.009209746875866533
17 17 952.0 1763.8588189016116 0.04869732628375098 0.009799361295648585
18 18 0.0 1792.0 0.0 
19 19 0.0 1813.0 0.0 
20 20 0.0 1845.0 0.0 
21 21 0.0 1881.0 0.0 
22 22 725.5 1943.0 1.3663896845499541 0.04458450219171603
23 23 650.6 2004.7248205353646 0.2578093744433876 0.016494761999199546
24 24 627.7 2023.6564952862127 0.4193699157612437 0.02056441587400966
25 25 599.4 2047.1755153617166 0.11057157615016402 0.011718522745555288
26 26 572.5 2069.6572098172155 0.4050471727366111 0.02093806739314695
27 27 499.06 2131.0 1.1314966989459787 0.04879480818698826
28 28 489.3 2139.969955870295 0.3620789436627132 0.038097916534985864
29 29 465.9 2159.957350152704 0.11744649280198767 0.012871221120555446
30 30 443.54 2183.0 1.0616017129857713 0.03579417281814795
31 31 419.0 2200.297683030686 0.10255084005636972 0.08768478677513167
32 32 413.4 2205.139418240524 0.3437458325911834 0.08969955065580255
33 33 379.33 2232.0 0.8169692621250458 0.030139181934785927
34 34 333.0 2275.2403686880193 0.004583277767882446 0.008594248951841861
35 35 306.9 2298.2331871901984 0.07906154149597219 0.011592020856683068
36 36 0.0 2317.0 0.0 
37 37 0.0 2349.0 0.0 
38 38 0.0 2371.0 0.0 
39 39 0.0 2395.0 0.0 
40 40 0.0 2417.0 0.0 
41 41 0.0 2426.0 0.0 
42 42 0.0 2434.0 0.0 
43 43 133.8 2453.6554324493245 0.3798391450132576 0.046603052037972846
44 44 117.5 2468.553101409834 0.09223846507863422 0.015603688108472064
45 45 103.3 2481.568236148789 0.09395719424159017 0.019020888768422593
46 46 86.6 2496.918611171097 0.07333244428611911 0.01897607668181701
47 47 69.1 2513.055183699229 0.046978597120795065 0.0132181867870271
48 48 57.6 2523.687552148356 0.27385084663097614 0.03886404633942311
49 49 46.1 2534.342393241981 0.04525986795783916 0.014929547270154253
50 50 33.4 2546.135156289271 0.13463378443154683 0.023678945023836107
51 51 23.1 2555.719493362727 0.08765518731075177 0.018436234108470548
