    0.99551       0.99543       0.99511       0.99433       0.99275    
    0.98975       0.98476       0.97712       0.96610       0.95088    
    0.93081       0.90521       0.87365       0.83586       0.79219    
    0.74307       0.68954       0.63343       0.57630       0.52031    
    0.46740       0.41927       0.37692       0.34082       0.31064    
    0.28550       0.26421       0.24522       0.22732       0.20978    
    0.19216       0.17458       0.15729       0.14109       0.12625    
    0.11321       0.10201       0.92502E-01   0.84341E-01   0.77135E-01
    0.70492E-01   0.64116E-01   0.57881E-01   0.51857E-01   0.46155E-01
    0.40941E-01   0.36351E-01   0.32451E-01   0.29229E-01   0.26573E-01
    0.24319E-01   0.22303E-01   0.20380E-01   0.18469E-01   0.16556E-01
    0.14678E-01   0.12910E-01   0.11329E-01   0.99948E-02   0.89261E-02
    0.81018E-02
