    0.38856       0.38935       0.39173       0.39571       0.40131    
    0.40857       0.41753       0.42823       0.44073       0.45511    
    0.47142       0.48975       0.51019       0.53283       0.55780    
    0.58519       0.61517       0.64785       0.68341       0.72200    
    0.76376       0.80882       0.85727       0.90914       0.96436    
     1.0228        1.0841        1.1479        1.2136        1.2803    
     1.3472        1.4133        1.4772        1.5378        1.5939    
     1.6440        1.6871        1.7220        1.7480        1.7644    
     1.7708        1.7672        1.7538        1.7311        1.7000    
     1.6615        1.6169        1.5677        1.5153        1.4613    
     1.4072        1.3545        1.3044        1.2579        1.2159    
     1.1790        1.1475        1.1214        1.1005        1.0843    
     1.0722    
