    0.29842       0.29930       0.30193       0.30628       0.31230    
    0.31992       0.32908       0.33970       0.35168       0.36496    
    0.37946       0.39513       0.41194       0.42987       0.44895    
    0.46921       0.49075       0.51367       0.53812       0.56426    
    0.59228       0.62239       0.65474       0.68952       0.72680    
    0.76661       0.80887       0.85338       0.89980       0.94764    
    0.99624        1.0448        1.0925        1.1383        1.1811    
     1.2199        1.2538        1.2817        1.3030        1.3171    
     1.3237        1.3227        1.3143        1.2990        1.2775    
     1.2506        1.2196        1.1856        1.1498        1.1135    
     1.0780        1.0442        1.0132       0.98570       0.96214    
    0.94279       0.92765       0.91651       0.90892       0.90424    
    0.90171    
