    0.80906       0.80912       0.80941       0.81029       0.81232    
    0.81626       0.82298       0.83338       0.84783       0.87305    
    0.90029       0.93595       0.98219        1.0376        1.1280    
     1.1991        1.2868        1.3878        1.4958        1.6075    
     1.7377        1.8684        2.0213        2.1760        2.3185    
     2.4514        2.5857        2.7616        2.8417        2.9697    
     3.0743        3.1723        3.2825        3.3485        3.4094    
     3.4404        3.4618        3.4733        3.4341        3.4212    
     3.3862        3.3328        3.2677        3.1897        3.1088    
     3.0212        2.9273        2.8368        2.7429        2.6403    
     2.5504        2.4523        2.3603        2.2745        2.1937    
     2.1167        2.0482        1.9858        1.9233        1.8628    
     1.8108    
