    0.67438E-01   0.67448E-01   0.67476E-01   0.67521E-01   0.67577E-01
    0.67641E-01   0.67705E-01   0.67762E-01   0.67805E-01   0.67825E-01
    0.67817E-01   0.67773E-01   0.67688E-01   0.67559E-01   0.67383E-01
    0.67161E-01   0.66895E-01   0.66591E-01   0.66255E-01   0.65897E-01
    0.65530E-01   0.65168E-01   0.64829E-01   0.64530E-01   0.64294E-01
    0.64140E-01   0.64093E-01   0.64175E-01   0.64406E-01   0.64808E-01
    0.65397E-01   0.66186E-01   0.67183E-01   0.68387E-01   0.69792E-01
    0.71382E-01   0.73132E-01   0.75010E-01   0.76971E-01   0.78964E-01
    0.80932E-01   0.82811E-01   0.84534E-01   0.86036E-01   0.87250E-01
    0.88116E-01   0.88582E-01   0.88605E-01   0.88153E-01   0.87208E-01
    0.85769E-01   0.83847E-01   0.81470E-01   0.78679E-01   0.75530E-01
    0.72087E-01   0.68425E-01   0.64624E-01   0.60769E-01   0.56942E-01
    0.53226E-01
