    0.61276E-01   0.61282E-01   0.61300E-01   0.61327E-01   0.61362E-01
    0.61401E-01   0.61439E-01   0.61471E-01   0.61494E-01   0.61501E-01
    0.61490E-01   0.61456E-01   0.61397E-01   0.61311E-01   0.61199E-01
    0.61063E-01   0.60905E-01   0.60730E-01   0.60544E-01   0.60357E-01
    0.60176E-01   0.60014E-01   0.59881E-01   0.59790E-01   0.59756E-01
    0.59792E-01   0.59912E-01   0.60131E-01   0.60461E-01   0.60913E-01
    0.61497E-01   0.62219E-01   0.63082E-01   0.64084E-01   0.65218E-01
    0.66472E-01   0.67825E-01   0.69253E-01   0.70725E-01   0.72203E-01
    0.73644E-01   0.75004E-01   0.76232E-01   0.77281E-01   0.78102E-01
    0.78649E-01   0.78883E-01   0.78771E-01   0.78287E-01   0.77417E-01
    0.76155E-01   0.74510E-01   0.72500E-01   0.70153E-01   0.67511E-01
    0.64620E-01   0.61538E-01   0.58327E-01   0.55051E-01   0.51776E-01
    0.48569E-01
