    0.40242       0.40320       0.40552       0.40943       0.41494    
    0.42210       0.43098       0.44165       0.45417       0.46864    
    0.48514       0.50378       0.52465       0.54787       0.57354    
    0.60179       0.63275       0.66655       0.70334       0.74324    
    0.78638       0.83287       0.88277       0.93606       0.99268    
     1.0524        1.1150        1.1799        1.2465        1.3141    
     1.3817        1.4482        1.5125        1.5734        1.6295    
     1.6795        1.7225        1.7572        1.7829        1.7989    
     1.8049        1.8009        1.7871        1.7640        1.7325    
     1.6936        1.6487        1.5990        1.5462        1.4918    
     1.4372        1.3839        1.3331        1.2860        1.2432    
     1.2055        1.1731        1.1460        1.1241        1.1069    
     1.0937    
