    0.53250       0.53278       0.53365       0.53518       0.53751    
    0.54081       0.54530       0.55123       0.55888       0.56855    
    0.58053       0.59512       0.61263       0.63333       0.65746    
    0.68525       0.71689       0.75253       0.79229       0.83624    
    0.88440       0.93673       0.99313        1.0534        1.1172    
     1.1843        1.2540        1.3257        1.3986        1.4718    
     1.5443        1.6148        1.6821        1.7449        1.8021    
     1.8522        1.8942        1.9272        1.9503        1.9630    
     1.9651        1.9565        1.9376        1.9090        1.8716    
     1.8265        1.7749        1.7185        1.6588        1.5972    
     1.5355        1.4749        1.4170        1.3627        1.3130    
     1.2686        1.2298        1.1968        1.1694        1.1473    
     1.1299    
