    0.34674       0.34762       0.35035       0.35507       0.36123    
    0.36782       0.37543       0.38463       0.39478       0.40702    
    0.42014       0.43518       0.45157       0.47044       0.49161    
    0.51322       0.53685       0.56306       0.59226       0.62415    
    0.65889       0.70125       0.74288       0.78847       0.83910    
    0.89428       0.95210        1.0144        1.0757        1.1410    
     1.2071        1.2722        1.3403        1.4031        1.4603    
     1.5140        1.5590        1.5978        1.6277        1.6481    
     1.6584        1.6581        1.6429        1.6273        1.5987    
     1.5626        1.5194        1.4719        1.4201        1.3664    
     1.3125        1.2593        1.2087        1.1629        1.1204    
     1.0834        1.0510        1.0264        1.0071       0.99450    
    0.98334    
