    0.68825E-01   0.68836E-01   0.68869E-01   0.68919E-01   0.68984E-01
    0.69056E-01   0.69130E-01   0.69197E-01   0.69248E-01   0.69275E-01
    0.69270E-01   0.69225E-01   0.69135E-01   0.68995E-01   0.68802E-01
    0.68556E-01   0.68260E-01   0.67919E-01   0.67540E-01   0.67134E-01
    0.66714E-01   0.66296E-01   0.65900E-01   0.65545E-01   0.65254E-01
    0.65053E-01   0.64965E-01   0.65016E-01   0.65232E-01   0.65633E-01
    0.66238E-01   0.67063E-01   0.68116E-01   0.69397E-01   0.70900E-01
    0.72606E-01   0.74489E-01   0.76513E-01   0.78629E-01   0.80784E-01
    0.82912E-01   0.84947E-01   0.86815E-01   0.88446E-01   0.89769E-01
    0.90720E-01   0.91242E-01   0.91291E-01   0.90834E-01   0.89854E-01
    0.88348E-01   0.86333E-01   0.83837E-01   0.80908E-01   0.77604E-01
    0.73997E-01   0.70166E-01   0.66197E-01   0.62179E-01   0.58201E-01
    0.54348E-01
