    0.82538       0.82533       0.82531       0.82572       0.82719    
    0.83057       0.83684       0.84709       0.86248       0.88413    
    0.91311       0.95040       0.99680        1.0529        1.1192    
     1.1959        1.2828        1.3797        1.4860        1.6009    
     1.7233        1.8519        1.9852        2.1215        2.2592    
     2.3963        2.5310        2.6614        2.7857        2.9021    
     3.0091        3.1053        3.1892        3.2599        3.3166    
     3.3584        3.3851        3.3965        3.3927        3.3740    
     3.3412        3.2952        3.2370        3.1681        3.0900    
     3.0043        2.9128        2.8172        2.7193        2.6208    
     2.5231        2.4277        2.3357        2.2481        2.1656    
     2.0887        2.0177        1.9525        1.8930        1.8389    
     1.7897    
