    0.77089       0.77091       0.77110       0.77180       0.77356    
    0.77712       0.78333       0.79316       0.80758       0.82759    
    0.85412       0.88800       0.92994       0.98048        1.0400    
     1.1087        1.1865        1.2732        1.3682        1.4710    
     1.5807        1.6961        1.8161        1.9392        2.0640    
     2.1889        2.3122        2.4323        2.5476        2.6566    
     2.7577        2.8496        2.9310        3.0007        3.0580    
     3.1020        3.1323        3.1484        3.1505        3.1387    
     3.1134        3.0755        3.0258        2.9657        2.8965    
     2.8198        2.7371        2.6501        2.5606        2.4701    
     2.3802        2.2921        2.2071        2.1261        2.0499    
     1.9789        1.9135        1.8536        1.7992        1.7499    
     1.7052    
