    0.36177       0.36263       0.36519       0.36942       0.37527    
    0.38269       0.39160       0.40178       0.41504       0.42923    
    0.44437       0.46203       0.48116       0.50283       0.52691    
    0.55174       0.57897       0.60858       0.64191       0.67605    
    0.71640       0.75852       0.80451       0.85364       0.90692    
    0.96369        1.0231        1.0858        1.1494        1.2156    
     1.2810        1.3458        1.4106        1.4710        1.5270    
     1.5771        1.6195        1.6554        1.6827        1.6988    
     1.7054        1.7012        1.6870        1.6663        1.6348    
     1.5971        1.5527        1.5032        1.4524        1.3993    
     1.3463        1.2946        1.2454        1.2019        1.1606    
     1.1249        1.0951        1.0705        1.0534        1.0390    
     1.0274    
