    0.72225       0.72236       0.72279       0.72385       0.72599    
    0.72986       0.73619       0.74580       0.75954       0.77826    
    0.80275       0.83373       0.87181       0.91746       0.97101    
     1.0326        1.1023        1.1798        1.2648        1.3568    
     1.4551        1.5587        1.6667        1.7779        1.8911    
     2.0049        2.1180        2.2288        2.3360        2.4381    
     2.5338        2.6218        2.7007        2.7695        2.8272    
     2.8730        2.9062        2.9264        2.9335        2.9275    
     2.9087        2.8777        2.8355        2.7829        2.7214    
     2.6523        2.5771        2.4976        2.4153        2.3317    
     2.2485        2.1668        2.0879        2.0127        1.9420    
     1.8763        1.8160        1.7609        1.7111        1.6663    
     1.6258    
