    0.71113E-01   0.71127E-01   0.71167E-01   0.71230E-01   0.71312E-01
    0.71404E-01   0.71500E-01   0.71589E-01   0.71661E-01   0.71706E-01
    0.71714E-01   0.71675E-01   0.71582E-01   0.71429E-01   0.71211E-01
    0.70927E-01   0.70579E-01   0.70173E-01   0.69717E-01   0.69223E-01
    0.68706E-01   0.68186E-01   0.67684E-01   0.67225E-01   0.66838E-01
    0.66551E-01   0.66396E-01   0.66402E-01   0.66599E-01   0.67014E-01
    0.67669E-01   0.68582E-01   0.69763E-01   0.71211E-01   0.72918E-01
    0.74864E-01   0.77016E-01   0.79331E-01   0.81753E-01   0.84219E-01
    0.86654E-01   0.88980E-01   0.91115E-01   0.92978E-01   0.94490E-01
    0.95579E-01   0.96184E-01   0.96256E-01   0.95762E-01   0.94684E-01
    0.93025E-01   0.90804E-01   0.88059E-01   0.84845E-01   0.81230E-01
    0.77297E-01   0.73136E-01   0.68843E-01   0.64517E-01   0.60256E-01
    0.56153E-01
