    0.76086E-01   0.76106E-01   0.76164E-01   0.76257E-01   0.76376E-01
    0.76513E-01   0.76657E-01   0.76793E-01   0.76909E-01   0.76989E-01
    0.77019E-01   0.76986E-01   0.76879E-01   0.76687E-01   0.76406E-01
    0.76033E-01   0.75569E-01   0.75021E-01   0.74401E-01   0.73724E-01
    0.73011E-01   0.72289E-01   0.71588E-01   0.70944E-01   0.70394E-01
    0.69979E-01   0.69741E-01   0.69722E-01   0.69961E-01   0.70495E-01
    0.71353E-01   0.72558E-01   0.74120E-01   0.76039E-01   0.78301E-01
    0.80877E-01   0.83721E-01   0.86776E-01   0.89966E-01   0.93206E-01
    0.96400E-01   0.99448E-01   0.10224       0.10468       0.10667    
    0.10811       0.10894       0.10910       0.10855       0.10728    
    0.10529       0.10262       0.99315E-01   0.95455E-01   0.91128E-01
    0.86439E-01   0.81503E-01   0.76440E-01   0.71370E-01   0.66412E-01
    0.61677E-01
