    0.67850E-01   0.67855E-01   0.67866E-01   0.67873E-01   0.67849E-01
    0.67856E-01   0.67961E-01   0.68047E-01   0.68087E-01   0.68082E-01
    0.68076E-01   0.68074E-01   0.67989E-01   0.67850E-01   0.67675E-01
    0.67171E-01   0.67165E-01   0.66830E-01   0.66503E-01   0.66136E-01
    0.65753E-01   0.65395E-01   0.65040E-01   0.64707E-01   0.64453E-01
    0.64299E-01   0.64241E-01   0.64281E-01   0.64560E-01   0.64949E-01
    0.65536E-01   0.66317E-01   0.67343E-01   0.68547E-01   0.69976E-01
    0.71589E-01   0.73380E-01   0.75297E-01   0.77289E-01   0.79317E-01
    0.81328E-01   0.83245E-01   0.84988E-01   0.86519E-01   0.87754E-01
    0.88624E-01   0.89114E-01   0.89153E-01   0.88705E-01   0.87761E-01
    0.86308E-01   0.84360E-01   0.81960E-01   0.79147E-01   0.75985E-01
    0.72495E-01   0.68802E-01   0.64968E-01   0.61084E-01   0.57223E-01
    0.53482E-01
