    0.42893E-01   0.42899E-01   0.42914E-01   0.42938E-01   0.42968E-01
    0.43001E-01   0.43034E-01   0.43061E-01   0.43080E-01   0.43084E-01
    0.43071E-01   0.43038E-01   0.42980E-01   0.42897E-01   0.42789E-01
    0.42656E-01   0.42501E-01   0.42328E-01   0.42142E-01   0.41950E-01
    0.41762E-01   0.41587E-01   0.41438E-01   0.41326E-01   0.41268E-01
    0.41277E-01   0.41371E-01   0.41564E-01   0.41874E-01   0.42314E-01
    0.42899E-01   0.43639E-01   0.44539E-01   0.45603E-01   0.46828E-01
    0.48204E-01   0.49714E-01   0.51335E-01   0.53038E-01   0.54785E-01
    0.56533E-01   0.58235E-01   0.59840E-01   0.61296E-01   0.62553E-01
    0.63561E-01   0.64277E-01   0.64664E-01   0.64693E-01   0.64348E-01
    0.63619E-01   0.62513E-01   0.61046E-01   0.59245E-01   0.57150E-01
    0.54808E-01   0.52274E-01   0.49609E-01   0.46878E-01   0.44145E-01
    0.41473E-01
