    0.64426       0.64461       0.64573       0.64782       0.65120    
    0.65629       0.66357       0.67348       0.68598       0.69520    
    0.72104       0.74721       0.78049       0.82091       0.86687    
    0.92503       0.98439        1.0523        1.1325        1.1906    
     1.2798        1.3697        1.4700        1.5761        1.6768    
     1.7643        1.8661        1.9684        2.0625        2.1628    
     2.2418        2.3294        2.4232        2.4961        2.5339    
     2.5626        2.6472        2.6457        2.6487        2.6506    
     2.6359        2.6117        2.5777        2.5284        2.4730    
     2.4190        2.3525        2.2803        2.1825        2.1412    
     2.0660        1.9914        1.9205        1.8547        1.7930    
     1.7335        1.6848        1.6448        1.5914        1.5502    
     1.5156    
