    0.40116       0.40194       0.40427       0.40817       0.41369    
    0.42087       0.42975       0.44042       0.45294       0.46739    
    0.48388       0.50248       0.52331       0.54647       0.57207    
    0.60024       0.63111       0.66480       0.70146       0.74124    
    0.78425       0.83060       0.88036       0.93352       0.99000    
     1.0496        1.1121        1.1769        1.2434        1.3109    
     1.3784        1.4449        1.5092        1.5700        1.6261    
     1.6762        1.7191        1.7539        1.7796        1.7957    
     1.8017        1.7977        1.7840        1.7609        1.7295    
     1.6906        1.6457        1.5961        1.5433        1.4889    
     1.4344        1.3811        1.3304        1.2833        1.2407    
     1.2030        1.1707        1.1437        1.1219        1.1047    
     1.0917    
