    0.69313       0.69354       0.69489       0.69762       0.70275    
    0.71244       0.71590       0.71331       0.72655       0.73888    
    0.77326       0.80091       0.83712       0.88243       0.93756    
     1.0013        1.0689        1.1469        1.2323        1.3078    
     1.4090        1.5090        1.6275        1.7468        1.8481    
     1.9619        2.0696        2.1943        2.2846        2.3850    
     2.4805        2.5698        2.6608        2.7318        2.7625    
     2.8463        2.8767        2.8821        2.8731        2.8729    
     2.8525        2.8206        2.7793        2.7210        2.6572    
     2.5951        2.5235        2.4443        2.3674        2.2873    
     2.2069        2.1303        2.0523        1.9820        1.9138    
     1.8500        1.7943        1.7417        1.6922        1.6455    
     1.6061    
