    0.67544       0.67608       0.67798       0.68108       0.68524    
    0.69024       0.69575       0.70135       0.70652       0.71043    
    0.71228       0.71105       0.70567       0.69513       0.67853    
    0.65527       0.62519       0.58873       0.54690       0.50128    
    0.45393       0.40720       0.36325       0.32390       0.29034    
    0.26284       0.24102       0.22361       0.20926       0.19630    
    0.18350       0.17010       0.15590       0.14105       0.12630    
    0.11237       0.99876E-01   0.89205E-01   0.80409E-01   0.73267E-01
    0.67346E-01   0.62147E-01   0.57242E-01   0.52343E-01   0.47350E-01
    0.42335E-01   0.37492E-01   0.33044E-01   0.29170E-01   0.25969E-01
    0.23429E-01   0.21436E-01   0.19813E-01   0.18380E-01   0.16979E-01
    0.15519E-01   0.13979E-01   0.12404E-01   0.10876E-01   0.94870E-02
    0.83098E-02
