    0.60783       0.60821       0.60944       0.61170       0.61534    
    0.62074       0.62793       0.63738       0.64997       0.66474    
    0.68356       0.70815       0.73958       0.77824       0.82232    
    0.86891       0.92151       0.98175        1.0471        1.1054    
     1.2308        1.2803        1.3627        1.4486        1.5371    
     1.6372        1.7208        1.8118        1.9043        1.9929    
     2.0809        2.1594        2.2334        2.2958        2.3511    
     2.4007        2.4327        2.4602        2.4728        2.4777    
     2.4668        2.4491        2.4184        2.3814        2.3355    
     2.2822        2.2209        2.1563        2.0878        2.0206    
     1.9512        1.8836        1.8183        1.7573        1.6990    
     1.6398        1.5938        1.5492        1.5093        1.4728    
     1.4430    
