    0.84496       0.84534       0.84641       0.84800       0.84977    
    0.85142       0.85239       0.85218       0.85008       0.84516    
    0.83670       0.82367       0.80539       0.78114       0.75039    
    0.71324       0.67017       0.62227       0.57095       0.51837    
    0.46670       0.41795       0.37392       0.33571       0.30370    
    0.27750       0.25612       0.23813       0.22206       0.20657    
    0.19098       0.17496       0.15861       0.14257       0.12738    
    0.11363       0.10169       0.91644E-01   0.83267E-01   0.76196E-01
    0.69947E-01   0.64134E-01   0.58467E-01   0.52836E-01   0.47303E-01
    0.42018E-01   0.37173E-01   0.32939E-01   0.29392E-01   0.26511E-01
    0.24184E-01   0.22240E-01   0.20504E-01   0.18829E-01   0.17127E-01
    0.15383E-01   0.13640E-01   0.11979E-01   0.10485E-01   0.92242E-02
    0.82221E-02
