    0.74097E-01   0.74113E-01   0.74157E-01   0.74222E-01   0.74287E-01
    0.74343E-01   0.74505E-01   0.74709E-01   0.74841E-01   0.74854E-01
    0.74902E-01   0.75015E-01   0.74937E-01   0.74769E-01   0.74522E-01
    0.73338E-01   0.73812E-01   0.73228E-01   0.72658E-01   0.72022E-01
    0.71341E-01   0.70687E-01   0.70440E-01   0.69411E-01   0.68823E-01
    0.68418E-01   0.68224E-01   0.68121E-01   0.68447E-01   0.68952E-01
    0.69750E-01   0.70869E-01   0.72413E-01   0.74262E-01   0.76398E-01
    0.78859E-01   0.81575E-01   0.84497E-01   0.87555E-01   0.90579E-01
    0.93603E-01   0.96560E-01   0.99172E-01   0.10145       0.10328    
    0.10458       0.10529       0.10538       0.10476       0.10347    
    0.10147       0.98833E-01   0.95590E-01   0.91827E-01   0.87680E-01
    0.83107E-01   0.78357E-01   0.73492E-01   0.68625E-01   0.63900E-01
    0.59383E-01
