    0.63214E-01   0.63221E-01   0.63241E-01   0.63273E-01   0.63313E-01
    0.63358E-01   0.63402E-01   0.63441E-01   0.63468E-01   0.63478E-01
    0.63467E-01   0.63430E-01   0.63363E-01   0.63265E-01   0.63136E-01
    0.62976E-01   0.62788E-01   0.62577E-01   0.62351E-01   0.62117E-01
    0.61885E-01   0.61667E-01   0.61476E-01   0.61327E-01   0.61235E-01
    0.61216E-01   0.61287E-01   0.61463E-01   0.61759E-01   0.62190E-01
    0.62767E-01   0.63499E-01   0.64388E-01   0.65435E-01   0.66633E-01
    0.67968E-01   0.69420E-01   0.70962E-01   0.72559E-01   0.74171E-01
    0.75752E-01   0.77249E-01   0.78612E-01   0.79784E-01   0.80714E-01
    0.81353E-01   0.81655E-01   0.81586E-01   0.81118E-01   0.80234E-01
    0.78932E-01   0.77218E-01   0.75113E-01   0.72650E-01   0.69872E-01
    0.66832E-01   0.63591E-01   0.60217E-01   0.56778E-01   0.53348E-01
    0.49994E-01
