    0.30783E-01   0.30786E-01   0.30795E-01   0.30814E-01   0.30847E-01
    0.30901E-01   0.30981E-01   0.31094E-01   0.31241E-01   0.31425E-01
    0.31644E-01   0.31892E-01   0.32162E-01   0.32446E-01   0.32735E-01
    0.33024E-01   0.33312E-01   0.33608E-01   0.33930E-01   0.34312E-01
    0.34801E-01   0.35457E-01   0.36356E-01   0.37580E-01   0.39218E-01
    0.41353E-01   0.44059E-01   0.47389E-01   0.51371E-01   0.55997E-01
    0.61224E-01   0.66965E-01   0.73096E-01   0.79458E-01   0.85862E-01
    0.92104E-01   0.97969E-01   0.10325       0.10775       0.11132    
    0.11383       0.11520       0.11540       0.11446       0.11243    
    0.10945       0.10565       0.10121       0.96330E-01   0.91201E-01
    0.86021E-01   0.80972E-01   0.76214E-01   0.71881E-01   0.68076E-01
    0.64866E-01   0.62286E-01   0.60337E-01   0.58991E-01   0.58196E-01
    0.57878E-01
