    0.44387E-01   0.44396E-01   0.44421E-01   0.44461E-01   0.44512E-01
    0.44570E-01   0.44630E-01   0.44685E-01   0.44729E-01   0.44755E-01
    0.44758E-01   0.44732E-01   0.44672E-01   0.44575E-01   0.44438E-01
    0.44263E-01   0.44050E-01   0.43804E-01   0.43532E-01   0.43242E-01
    0.42946E-01   0.42657E-01   0.42392E-01   0.42170E-01   0.42009E-01
    0.41934E-01   0.41967E-01   0.42132E-01   0.42452E-01   0.42950E-01
    0.43644E-01   0.44551E-01   0.45681E-01   0.47036E-01   0.48614E-01
    0.50400E-01   0.52373E-01   0.54500E-01   0.56738E-01   0.59039E-01
    0.61344E-01   0.63588E-01   0.65706E-01   0.67628E-01   0.69288E-01
    0.70625E-01   0.71583E-01   0.72118E-01   0.72197E-01   0.71800E-01
    0.70924E-01   0.69580E-01   0.67793E-01   0.65604E-01   0.63066E-01
    0.60242E-01   0.57205E-01   0.54034E-01   0.50808E-01   0.47609E-01
    0.44513E-01
