    0.55641       0.55687       0.55832       0.56090       0.56485    
    0.57051       0.57831       0.58858       0.60025       0.61596    
    0.63477       0.65672       0.68364       0.71679       0.75630    
    0.79604       0.84493       0.89513       0.95039        1.0018    
     1.0615        1.1755        1.2238        1.3009        1.3787    
     1.4607        1.5384        1.6218        1.7060        1.7869    
     1.8722        1.9437        2.0175        2.0796        2.1354    
     2.1868        2.2202        2.2496        2.2677        2.2771    
     2.2720        2.2603        2.2340        2.2016        2.1563    
     2.1153        2.0591        1.9984        1.9342        1.8735    
     1.8091        1.7456        1.6856        1.6290        1.5756    
     1.5249        1.4806        1.4410        1.4062        1.3743    
     1.3492    
