    0.50445       0.50502       0.50675       0.50976       0.51421    
    0.52036       0.52848       0.53890       0.55148       0.56626    
    0.58454       0.60527       0.63047       0.65893       0.69107    
    0.72885       0.76926       0.81595       0.86137       0.90711    
    0.95645        1.0344        1.1062        1.1649        1.2332    
     1.3030        1.3774        1.4537        1.5311        1.6068    
     1.6803        1.7623        1.8246        1.8868        1.9415    
     1.9923        2.0329        2.0635        2.0851        2.0978    
     2.0976        2.0883        2.0695        2.0416        2.0037    
     1.9596        1.9073        1.8517        1.7947        1.7356    
     1.6757        1.6169        1.5600        1.5072        1.4580    
     1.4122        1.3721        1.3371        1.3066        1.2806    
     1.2593    
