    0.60504E-01   0.60510E-01   0.60527E-01   0.60553E-01   0.60585E-01
    0.60622E-01   0.60657E-01   0.60687E-01   0.60708E-01   0.60715E-01
    0.60703E-01   0.60670E-01   0.60614E-01   0.60533E-01   0.60427E-01
    0.60299E-01   0.60152E-01   0.59990E-01   0.59820E-01   0.59649E-01
    0.59488E-01   0.59346E-01   0.59234E-01   0.59166E-01   0.59154E-01
    0.59211E-01   0.59350E-01   0.59586E-01   0.59929E-01   0.60390E-01
    0.60978E-01   0.61698E-01   0.62553E-01   0.63540E-01   0.64652E-01
    0.65877E-01   0.67195E-01   0.68583E-01   0.70009E-01   0.71437E-01
    0.72828E-01   0.74136E-01   0.75314E-01   0.76316E-01   0.77095E-01
    0.77608E-01   0.77815E-01   0.77685E-01   0.77195E-01   0.76328E-01
    0.75081E-01   0.73460E-01   0.71484E-01   0.69181E-01   0.66588E-01
    0.63753E-01   0.60731E-01   0.57581E-01   0.54367E-01   0.51152E-01
    0.48001E-01
