    0.42352E-01   0.42356E-01   0.42369E-01   0.42390E-01   0.42415E-01
    0.42442E-01   0.42469E-01   0.42490E-01   0.42503E-01   0.42502E-01
    0.42486E-01   0.42451E-01   0.42394E-01   0.42315E-01   0.42214E-01
    0.42092E-01   0.41951E-01   0.41796E-01   0.41632E-01   0.41466E-01
    0.41305E-01   0.41160E-01   0.41042E-01   0.40961E-01   0.40932E-01
    0.40967E-01   0.41082E-01   0.41290E-01   0.41606E-01   0.42043E-01
    0.42612E-01   0.43322E-01   0.44179E-01   0.45184E-01   0.46335E-01
    0.47622E-01   0.49030E-01   0.50537E-01   0.52117E-01   0.53733E-01
    0.55348E-01   0.56918E-01   0.58396E-01   0.59733E-01   0.60884E-01
    0.61802E-01   0.62447E-01   0.62784E-01   0.62788E-01   0.62440E-01
    0.61733E-01   0.60672E-01   0.59270E-01   0.57554E-01   0.55559E-01
    0.53328E-01   0.50914E-01   0.48373E-01   0.45764E-01   0.43149E-01
    0.40587E-01
