    0.35162       0.35253       0.35532       0.35992       0.36569    
    0.37208       0.37961       0.38857       0.39891       0.41114    
    0.42424       0.43931       0.45581       0.47480       0.49609    
    0.51785       0.54168       0.56811       0.59768       0.62966    
    0.66404       0.70707       0.74936       0.79532       0.84619    
    0.90169       0.95977        1.0222        1.0839        1.1493    
     1.2155        1.2809        1.3512        1.4122        1.4693    
     1.5229        1.5678        1.6065        1.6364        1.6568    
     1.6671        1.6666        1.6531        1.6359        1.6072    
     1.5708        1.5278        1.4802        1.4283        1.3745    
     1.3205        1.2673        1.2166        1.1706        1.1279    
     1.0908        1.0582        1.0333        1.0137        1.0007    
    0.98941    
