    0.67554E-01   0.67558E-01   0.67569E-01   0.67573E-01   0.67547E-01
    0.67556E-01   0.67660E-01   0.67744E-01   0.67782E-01   0.67777E-01
    0.67770E-01   0.67767E-01   0.67684E-01   0.67547E-01   0.67376E-01
    0.66890E-01   0.66877E-01   0.66550E-01   0.66232E-01   0.65874E-01
    0.65502E-01   0.65155E-01   0.64807E-01   0.64491E-01   0.64249E-01
    0.64105E-01   0.64055E-01   0.64103E-01   0.64384E-01   0.64774E-01
    0.65358E-01   0.66134E-01   0.67147E-01   0.68337E-01   0.69746E-01
    0.71336E-01   0.73102E-01   0.74989E-01   0.76950E-01   0.78946E-01
    0.80924E-01   0.82810E-01   0.84524E-01   0.86028E-01   0.87241E-01
    0.88094E-01   0.88572E-01   0.88605E-01   0.88158E-01   0.87220E-01
    0.85779E-01   0.83851E-01   0.81474E-01   0.78689E-01   0.75557E-01
    0.72100E-01   0.68441E-01   0.64642E-01   0.60791E-01   0.56961E-01
    0.53247E-01
