    0.57544       0.57587       0.57722       0.57965       0.58345    
    0.58897       0.59669       0.60597       0.61847       0.63436    
    0.65292       0.67526       0.70337       0.73898       0.78002    
    0.82206       0.87115       0.92516       0.98395        1.0361    
     1.0978        1.2036        1.2715        1.3495        1.4358    
     1.5219        1.6014        1.6875        1.7745        1.8570    
     1.9436        2.0178        2.0944        2.1544        2.2102    
     2.2603        2.2936        2.3227        2.3389        2.3469    
     2.3397        2.3256        2.2987        2.2654        2.2269    
     2.1751        2.1163        2.0548        1.9883        1.9257    
     1.8596        1.7951        1.7330        1.6751        1.6199    
     1.5667        1.5213        1.4800        1.4434        1.4098    
     1.3831    
