    0.73667       0.73662       0.73659       0.73700       0.73852    
    0.74203       0.74836       0.75817       0.77174       0.78820    
    0.81794       0.84989       0.89089       0.93871        1.0046    
     1.0724        1.1472        1.2359        1.3289        1.4178    
     1.5292        1.6388        1.7708        1.9022        2.0268    
     2.1407        2.2591        2.3915        2.4890        2.5973    
     2.6991        2.7908        2.8946        2.9394        3.0306    
     3.0627        3.0905        3.1016        3.0817        3.0758    
     3.0494        3.0107        2.9642        2.8959        2.8261    
     2.7526        2.6754        2.5919        2.5084        2.4202    
     2.3302        2.2520        2.1691        2.0947        2.0186    
     1.9515        1.8915        1.8355        1.7809        1.7293    
     1.6853    
