    0.52262       0.52292       0.52386       0.52549       0.52796    
    0.53141       0.53606       0.54212       0.54988       0.55959    
    0.57154       0.58602       0.60331       0.62367       0.64734    
    0.67455       0.70547       0.74029       0.77911       0.82203    
    0.86908       0.92025       0.97545        1.0345        1.0972    
     1.1631        1.2318        1.3025        1.3746        1.4471    
     1.5189        1.5890        1.6560        1.7187        1.7757    
     1.8260        1.8682        1.9014        1.9248        1.9379    
     1.9404        1.9322        1.9138        1.8856        1.8487    
     1.8040        1.7529        1.6969        1.6375        1.5764    
     1.5151        1.4550        1.3976        1.3438        1.2947    
     1.2509        1.2127        1.1803        1.1537        1.1323    
     1.1156    
