    0.68177E-01   0.68182E-01   0.68195E-01   0.68203E-01   0.68182E-01
    0.68187E-01   0.68294E-01   0.68384E-01   0.68425E-01   0.68420E-01
    0.68414E-01   0.68414E-01   0.68328E-01   0.68186E-01   0.68007E-01
    0.67481E-01   0.67485E-01   0.67140E-01   0.66804E-01   0.66425E-01
    0.66029E-01   0.65658E-01   0.65297E-01   0.64944E-01   0.64676E-01
    0.64511E-01   0.64443E-01   0.64474E-01   0.64752E-01   0.65140E-01
    0.65731E-01   0.66519E-01   0.67561E-01   0.68781E-01   0.70234E-01
    0.71875E-01   0.73697E-01   0.75650E-01   0.77679E-01   0.79745E-01
    0.81794E-01   0.83749E-01   0.85527E-01   0.87088E-01   0.88349E-01
    0.89240E-01   0.89743E-01   0.89789E-01   0.89341E-01   0.88389E-01
    0.86920E-01   0.84951E-01   0.82523E-01   0.79677E-01   0.76479E-01
    0.72949E-01   0.69216E-01   0.65342E-01   0.61420E-01   0.57522E-01
    0.53749E-01
