    0.61147E-01   0.61145E-01   0.61136E-01   0.61118E-01   0.61116E-01
    0.61167E-01   0.61231E-01   0.61277E-01   0.61296E-01   0.61290E-01
    0.61284E-01   0.61268E-01   0.61211E-01   0.61122E-01   0.61014E-01
    0.60777E-01   0.60714E-01   0.60529E-01   0.60357E-01   0.60175E-01
    0.59995E-01   0.59845E-01   0.59678E-01   0.59613E-01   0.59584E-01
    0.59627E-01   0.59749E-01   0.59954E-01   0.60313E-01   0.60757E-01
    0.61339E-01   0.62063E-01   0.62919E-01   0.63915E-01   0.65044E-01
    0.66289E-01   0.67614E-01   0.69068E-01   0.70538E-01   0.72006E-01
    0.73445E-01   0.74797E-01   0.76009E-01   0.77053E-01   0.77866E-01
    0.78393E-01   0.78636E-01   0.78532E-01   0.78047E-01   0.77169E-01
    0.75913E-01   0.74277E-01   0.72274E-01   0.69941E-01   0.67323E-01
    0.64435E-01   0.61368E-01   0.58170E-01   0.54905E-01   0.51647E-01
    0.48453E-01
