    0.59793       0.59833       0.59958       0.60188       0.60553    
    0.61096       0.61836       0.62742       0.64053       0.65573    
    0.67405       0.69787       0.72844       0.76599       0.80932    
    0.85448       0.90580       0.96410        1.0276        1.0837    
     1.2324        1.2554        1.3344        1.4179        1.5106    
     1.6047        1.6839        1.7734        1.8642        1.9518    
     2.0385        2.1157        2.1905        2.2521        2.3076    
     2.3572        2.3896        2.4178        2.4315        2.4374    
     2.4275        2.4110        2.3816        2.3457        2.3013    
     2.2493        2.1887        2.1251        2.0574        1.9915    
     1.9231        1.8566        1.7922        1.7321        1.6748    
     1.6172        1.5716        1.5280        1.4892        1.4535    
     1.4247    
