    0.64644E-01   0.64645E-01   0.64646E-01   0.64632E-01   0.64596E-01
    0.64631E-01   0.64718E-01   0.64781E-01   0.64809E-01   0.64803E-01
    0.64796E-01   0.64785E-01   0.64714E-01   0.64600E-01   0.64462E-01
    0.64115E-01   0.64062E-01   0.63807E-01   0.63563E-01   0.63295E-01
    0.63019E-01   0.62771E-01   0.62501E-01   0.62321E-01   0.62185E-01
    0.62131E-01   0.62163E-01   0.62286E-01   0.62596E-01   0.63004E-01
    0.63577E-01   0.64317E-01   0.65234E-01   0.66315E-01   0.67568E-01
    0.68970E-01   0.70501E-01   0.72157E-01   0.73856E-01   0.75578E-01
    0.77277E-01   0.78889E-01   0.80346E-01   0.81618E-01   0.82631E-01
    0.83326E-01   0.83691E-01   0.83660E-01   0.83205E-01   0.82306E-01
    0.80969E-01   0.79197E-01   0.77018E-01   0.74468E-01   0.71600E-01
    0.68434E-01   0.65075E-01   0.61578E-01   0.58012E-01   0.54471E-01
    0.51011E-01
