    0.72706       0.72692       0.72662       0.72668       0.72800    
    0.73160       0.73817       0.74816       0.76178       0.77692    
    0.80737       0.83883       0.87992       0.92599       0.98891    
     1.0562        1.1293        1.2156        1.3066        1.3926    
     1.5020        1.6092        1.7381        1.8664        1.9877    
     2.0996        2.2164        2.3473        2.4424        2.5486    
     2.6494        2.7405        2.8384        2.8936        2.9698    
     3.0162        3.0416        3.0515        3.0346        3.0298    
     3.0048        2.9675        2.9232        2.8562        2.7876    
     2.7165        2.6414        2.5588        2.4763        2.3904    
     2.3027        2.2248        2.1431        2.0696        1.9954    
     1.9288        1.8700        1.8148        1.7613        1.7109    
     1.6679    
