    0.70870E-01   0.70878E-01   0.70901E-01   0.70930E-01   0.70938E-01
    0.70937E-01   0.71057E-01   0.71180E-01   0.71244E-01   0.71240E-01
    0.71243E-01   0.71267E-01   0.71173E-01   0.71012E-01   0.70798E-01
    0.70050E-01   0.70172E-01   0.69745E-01   0.69321E-01   0.68840E-01
    0.68335E-01   0.67851E-01   0.67461E-01   0.66903E-01   0.66515E-01
    0.66258E-01   0.66113E-01   0.66076E-01   0.66347E-01   0.66749E-01
    0.67388E-01   0.68255E-01   0.69458E-01   0.70904E-01   0.72532E-01
    0.74445E-01   0.76563E-01   0.78849E-01   0.81230E-01   0.83647E-01
    0.86042E-01   0.88334E-01   0.90429E-01   0.92258E-01   0.93744E-01
    0.94804E-01   0.95412E-01   0.95504E-01   0.95027E-01   0.93981E-01
    0.92354E-01   0.90171E-01   0.87474E-01   0.84319E-01   0.80788E-01
    0.76893E-01   0.72795E-01   0.68560E-01   0.64287E-01   0.60082E-01
    0.56014E-01
