    0.76632       0.76684       0.76836       0.77075       0.77379    
    0.77720       0.78055       0.78331       0.78491       0.78446    
    0.78113       0.77387       0.76185       0.74411       0.72004    
    0.68931       0.65211       0.60926       0.56206       0.51231    
    0.46228       0.41407       0.36978       0.33091       0.29811    
    0.27136       0.24979       0.23215       0.21693       0.20263    
    0.18828       0.17338       0.15787       0.14226       0.12715    
    0.11324       0.10100       0.90655E-01   0.82106E-01   0.75026E-01
    0.68971E-01   0.63445E-01   0.58121E-01   0.52801E-01   0.47474E-01
    0.42267E-01   0.37384E-01   0.33026E-01   0.29316E-01   0.26293E-01
    0.23883E-01   0.21937E-01   0.20270E-01   0.18716E-01   0.17152E-01
    0.15528E-01   0.13859E-01   0.12216E-01   0.10687E-01   0.93520E-02
    0.82627E-02
