    0.63878       0.63908       0.64002       0.64184       0.64486    
    0.64953       0.65638       0.66598       0.67894       0.69587    
    0.71731       0.74380       0.77575       0.81353       0.85737    
    0.90744       0.96375        1.0262        1.0947        1.1688    
     1.2482        1.3323        1.4204        1.5119        1.6058    
     1.7012        1.7972        1.8925        1.9861        2.0767    
     2.1632        2.2443        2.3189        2.3857        2.4437    
     2.4919        2.5296        2.5560        2.5708        2.5737    
     2.5649        2.5448        2.5138        2.4729        2.4232    
     2.3659        2.3025        2.2344        2.1633        2.0906    
     2.0177        1.9462        1.8770        1.8112        1.7496    
     1.6927        1.6409        1.5941        1.5524        1.5153    
     1.4824    
