    0.63002E-01   0.63009E-01   0.63029E-01   0.63060E-01   0.63100E-01
    0.63144E-01   0.63188E-01   0.63226E-01   0.63252E-01   0.63263E-01
    0.63251E-01   0.63214E-01   0.63149E-01   0.63052E-01   0.62925E-01
    0.62767E-01   0.62583E-01   0.62377E-01   0.62155E-01   0.61926E-01
    0.61700E-01   0.61488E-01   0.61304E-01   0.61162E-01   0.61076E-01
    0.61064E-01   0.61139E-01   0.61320E-01   0.61620E-01   0.62053E-01
    0.62631E-01   0.63361E-01   0.64248E-01   0.65289E-01   0.66480E-01
    0.67805E-01   0.69246E-01   0.70775E-01   0.72358E-01   0.73955E-01
    0.75520E-01   0.77002E-01   0.78350E-01   0.79508E-01   0.80426E-01
    0.81055E-01   0.81350E-01   0.81276E-01   0.80806E-01   0.79925E-01
    0.78627E-01   0.76921E-01   0.74827E-01   0.72377E-01   0.69614E-01
    0.66591E-01   0.63368E-01   0.60011E-01   0.56591E-01   0.53177E-01
    0.49840E-01
