    0.55319       0.55341       0.55413       0.55543       0.55747    
    0.56044       0.56460       0.57024       0.57768       0.58725    
    0.59930       0.61416       0.63217       0.65361       0.67877    
    0.70787       0.74110       0.77859       0.82045       0.86670    
    0.91733       0.97225        1.0313        1.0942        1.1607    
     1.2302        1.3023        1.3761        1.4509        1.5258    
     1.5995        1.6710        1.7390        1.8023        1.8595    
     1.9094        1.9511        1.9835        2.0058        2.0177    
     2.0188        2.0092        1.9893        1.9597        1.9212    
     1.8751        1.8226        1.7652        1.7044        1.6419    
     1.5792        1.5176        1.4585        1.4031        1.3522    
     1.3065        1.2664        1.2319        1.2031        1.1795    
     1.1605    
